[PARAMETERS]
g, dg, a, da, c, dc, t0, dt0
0.729525,0.00483181,0.591601,0.0913892,0.230587,0.0110304,0.00068685,2.17759e-05

[DIAGNOSTICS]
ID,Mass,Z,Mobility,Alpha,Gamma,Model Vel.,Exp. Vel.,Error %
poly_5,373.2,1,0.0727078,0.0736543,1.00892,203.241,167.452,21.3727
poly_6,444.2,1,0.0671102,0.0809176,0.931249,167.413,176.776,-5.29609
poly_7,515.3,1,0.0617671,0.0863959,0.857105,138.055,147.089,-6.14175
poly_8,586.3,1,0.056983,0.0906861,0.790719,115.102,120.559,-4.52644
poly_9,657.3,1,0.0533337,0.0951571,0.740081,99.4375,103.384,-3.81769
poly_10,728.4,1,0.0505243,0.0998956,0.701096,88.3643,91.1423,-3.04799
poly_11,799.4,1,0.0476493,0.103394,0.661201,77.8727,80.7156,-3.52217
poly_12,870.5,1,0.0457273,0.108049,0.63453,71.2963,72.0189,-1.00344
poly_13,941.5,1,0.0438093,0.11196,0.607916,65.0797,65.014,0.101037
poly_14,1012.5,1,0.0420486,0.115564,0.583484,59.6651,59.5287,0.229107
polyz2_11,799.4,2,0.0872496,0.0946615,1.21071,312.354,227.425,37.3435
polyz2_12,870.5,2,0.0834634,0.0986076,1.15817,273.466,233.703,17.0142
polyz2_13,941.5,2,0.0804995,0.102863,1.11705,247.125,257.385,-3.98603
polyz2_14,1012.5,2,0.0772786,0.106194,1.07235,221.603,194.361,14.0163
polyz2_15,1083.6,2,0.0747414,0.10992,1.03714,203.353,215.83,-5.78094
polyz2_16,1154.6,2,0.0719639,0.11277,0.998601,184.979,192.885,-4.09856
polyz2_17,1225.6,2,0.0695758,0.115732,0.965463,170.348,175.554,-2.96527
polyz2_18,1296.7,2,0.0675204,0.118828,0.936941,158.529,158.073,0.288147
polyz2_19,1367.7,2,0.0652511,0.121122,0.905451,146.25,144.577,1.15719
polyz2_20,1438.8,2,0.063443,0.123888,0.880361,136.991,131.141,4.46105
polyz2_21,1509.8,2,0.0615852,0.126195,0.854582,127.94,122.301,4.61095
polyz2_22,1580.8,2,0.0598341,0.128372,0.830282,119.809,111.07,7.86829
polyz2_23,1651.9,2,0.0585798,0.131334,0.812878,114.204,105.095,8.66692
polyz2_24,1722.9,2,0.0571219,0.13357,0.792647,107.926,107.316,0.56883
polyz2_25,1793.9,2,0.055857,0.135994,0.775094,102.669,97.0633,5.77535
polyz2_26,1865,2,0.0544149,0.137734,0.755083,96.8931,103.384,-6.2788
polyz3_21,1509.8,3,0.076705,0.104785,1.06439,210.952,197.381,6.87537
polyz3_22,1580.8,3,0.0741573,0.106068,1.02904,193.511,225.407,-14.1505
polyz3_23,1651.9,3,0.0721787,0.107882,1.00158,180.884,212.224,-14.7675
polyz3_24,1722.9,3,0.0704328,0.109797,0.977355,170.342,200.497,-15.0402
polyz3_25,1793.9,3,0.0684024,0.111026,0.94918,158.74,185.829,-14.5773
polyz3_26,1865,3,0.0666016,0.112387,0.924191,148.99,174.349,-14.545
polyz3_27,1937.03,3,0.0647837,0.113542,0.898965,139.629,162.109,-13.8673
polyz3_28,2008.11,3,0.0632711,0.11496,0.877976,132.182,150.577,-12.2162
polyz3_29,2079.18,3,0.0617283,0.116126,0.856567,124.894,142.15,-12.1391
polyz3_30,2150.26,3,0.0604493,0.117608,0.838819,119.072,133.204,-10.6089
polyz3_31,2221.33,3,0.05904,0.118663,0.819263,112.886,125.318,-9.91977
polyz3_32,2292.41,3,0.0575219,0.119311,0.798197,106.479,119.425,-10.841
polyz3_33,2363.48,3,0.0568288,0.121528,0.78858,103.626,113.553,-8.74159

[CALIBRATED DATA]
ID,Mass,Z,Drift,CCS,CCS Std.Dev.
poly_5,373.2,1,0.00083,196.081,0.398941
poly_6,444.2,1,0.00075,190.561,0.397352
poly_7,515.3,1,0.00104,205.216,0.409623
poly_8,586.3,1,0.00142,223.281,0.496191
poly_9,657.3,1,0.00177,238.692,0.600544
poly_10,728.4,1,0.0021,252.338,0.701221
poly_11,799.4,1,0.00246,266.462,0.801702
poly_12,870.5,1,0.00284,280.637,0.916232
poly_13,941.5,1,0.00322,294.113,1.01577
poly_14,1012.5,1,0.00358,306.305,1.10682
polyz2_11,799.4,2,0.00043,330.927,0.764572
polyz2_12,870.5,2,0.0004,327.063,0.788179
polyz2_13,941.5,2,0.0003,315.258,0.879455
polyz2_14,1012.5,2,0.00062,350.555,0.622529
polyz2_15,1083.6,2,0.00049,336.025,0.707849
polyz2_16,1154.6,2,0.00063,350.976,0.615735
polyz2_17,1225.6,2,0.00076,364.394,0.541532
polyz2_18,1296.7,2,0.00092,380.411,0.489824
polyz2_19,1367.7,2,0.00107,394.883,0.489936
polyz2_20,1438.8,2,0.00125,411.71,0.538221
polyz2_21,1509.8,2,0.00139,424.276,0.600507
polyz2_22,1580.8,2,0.0016,442.645,0.708704
polyz2_23,1651.9,2,0.00173,453.564,0.782497
polyz2_24,1722.9,2,0.00168,449.081,0.742927
polyz2_25,1793.9,2,0.00193,469.783,0.892556
polyz2_26,1865,2,0.00177,456.289,0.783401
polyz3_21,1509.8,3,0.0006,514.13,0.98019
polyz3_22,1580.8,3,0.00044,488.15,1.16272
polyz3_23,1651.9,3,0.00051,499.303,1.0793
polyz3_24,1722.9,3,0.00058,510.286,1.00374
polyz3_25,1793.9,3,0.00068,525.747,0.907962
polyz3_26,1865,3,0.00077,539.34,0.844661
polyz3_27,1937.03,3,0.00088,555.624,0.794937
polyz3_28,2008.11,3,0.001,572.941,0.774734
polyz3_29,2079.18,3,0.0011,587.019,0.784027
polyz3_30,2150.26,3,0.00122,603.547,0.827764
polyz3_31,2221.33,3,0.00134,619.648,0.875461
polyz3_32,2292.41,3,0.00144,632.672,0.928627
polyz3_33,2363.48,3,0.00155,646.781,1.0391
