[PARAMETERS]
g, dg, a, da, c, dc, t0, dt0
0.745012,0.00328943,0.589247,0.028299,0.197402,0.0114851,0.000649808,1.09446e-05

[DIAGNOSTICS]
ID,Mass,Z,Mobility,Alpha,Gamma,Model Vel.,Exp. Vel.,Error %
avd15,63697,15,0.0458869,0.528922,0.636745,58.29,62.4288,-6.62977
avd16,63697,16,0.048946,0.528922,0.679195,67.0076,72.5998,-7.7028
avd17,63697,17,0.0518801,0.527651,0.71991,76.1428,81.446,-6.51126
blg7,18364,7,0.0455978,0.324705,0.632734,61.8064,67.0427,-7.81035
blg12,36728,12,0.0460329,0.382437,0.638772,61.2863,65.9975,-7.13839
blg13,36728,13,0.0481243,0.369058,0.667793,67.5101,72.5998,-7.0106
adh23,142600,23,0.0393474,0.662192,0.546001,39.675,37.0336,7.13247
adh24,142600,24,0.0408928,0.659525,0.567446,43.0737,40.4547,6.47386
cona19,103075,19,0.0398006,0.586091,0.55229,41.9413,40.845,2.68414
cona20,103075,20,0.0417576,0.584163,0.579445,46.4353,45.6947,1.62067
poly_5,373.2,1,0.0727078,0.0736543,1.00892,207.203,171.644,20.7167
poly_6,444.2,1,0.0671102,0.0809176,0.931249,170.244,181.453,-6.17736
poly_7,515.3,1,0.0617671,0.0863959,0.857105,140.139,150.313,-6.76877
poly_8,586.3,1,0.056983,0.0906861,0.790719,116.693,122.717,-4.90823
poly_9,657.3,1,0.0533337,0.0951571,0.740081,100.733,104.967,-4.0336
poly_10,728.4,1,0.0505243,0.0998956,0.701096,89.4685,92.3701,-3.14122
poly_11,799.4,1,0.0476493,0.103394,0.661201,78.808,81.6771,-3.51271
poly_12,870.5,1,0.0457273,0.108049,0.63453,72.1318,72.7834,-0.895235
poly_13,941.5,1,0.0438093,0.11196,0.607916,65.8248,65.6363,0.287132
poly_14,1012.5,1,0.0420486,0.115564,0.583484,60.3344,60.05,0.473669
polyz2_11,799.4,2,0.0872496,0.0946615,1.21071,326.497,235.227,38.8009
polyz2_12,870.5,2,0.0834634,0.0986076,1.15817,284.065,241.949,17.4071
polyz2_13,941.5,2,0.0804995,0.102863,1.11705,255.85,267.422,-4.32732
polyz2_14,1012.5,2,0.0772786,0.106194,1.07235,228.801,200.03,14.3832
polyz2_15,1083.6,2,0.0747414,0.10992,1.03714,209.6,222.844,-5.94323
polyz2_16,1154.6,2,0.0719639,0.11277,0.998601,190.365,198.467,-4.08237
polyz2_17,1225.6,2,0.0695758,0.115732,0.965463,175.11,180.166,-2.80675
polyz2_18,1296.7,2,0.0675204,0.118828,0.936941,162.82,161.803,0.628724
polyz2_19,1367.7,2,0.0652511,0.121122,0.905451,150.083,147.691,1.61984
polyz2_20,1438.8,2,0.063443,0.123888,0.880361,140.497,133.698,5.08588
polyz2_21,1509.8,2,0.0615852,0.126195,0.854582,131.141,124.522,5.31571
polyz2_22,1580.8,2,0.0598341,0.128372,0.830282,122.747,112.899,8.72322
polyz2_23,1651.9,2,0.0585798,0.131334,0.812878,116.967,106.731,9.58988
polyz2_24,1722.9,2,0.0571219,0.13357,0.792647,110.498,109.022,1.35379
polyz2_25,1793.9,2,0.055857,0.135994,0.775094,105.085,98.4569,6.73212
polyz2_26,1865,2,0.0544149,0.137734,0.755083,99.1425,104.967,-5.5489
polyz3_21,1509.8,3,0.076705,0.104785,1.06439,218.652,203.231,7.58796
polyz3_22,1580.8,3,0.0741573,0.106068,1.02904,200.244,233.069,-14.0837
polyz3_23,1651.9,3,0.0721787,0.107882,1.00158,186.973,219.002,-14.6251
polyz3_24,1722.9,3,0.0704328,0.109797,0.977355,175.925,206.536,-14.8211
polyz3_25,1793.9,3,0.0684024,0.111026,0.94918,163.797,191.005,-14.2447
polyz3_26,1865,3,0.0666016,0.112387,0.924191,153.627,178.897,-14.1255
polyz3_27,1937.03,3,0.0647837,0.113542,0.898965,143.881,166.034,-13.3422
polyz3_28,2008.11,3,0.0632711,0.11496,0.877976,136.14,153.957,-11.5726
polyz3_29,2079.18,3,0.0617283,0.116126,0.856567,128.574,145.159,-11.4252
polyz3_30,2150.26,3,0.0604493,0.117608,0.838819,122.537,135.843,-9.79514
polyz3_31,2221.33,3,0.05904,0.118663,0.819263,116.127,127.65,-9.02719
polyz3_32,2292.41,3,0.0575219,0.119311,0.798197,109.494,121.542,-9.91281
polyz3_33,2363.48,3,0.0568288,0.121528,0.78858,106.544,115.465,-7.72606

[CALIBRATED DATA]
ID,Mass,Z,Drift,CCS,CCS Std.Dev.
avd15,63697,15,0.00341882,4010.84,12.394
avd16,63697,16,0.00284882,3990.72,12.0393
avd17,63697,17,0.00246882,4027.15,11.6635
blg7,18364,7,0.00313882,1875.57,3.43859
blg12,36728,12,0.00319882,3194.22,6.72967
blg13,36728,13,0.00284882,3313.29,6.92429
adh23,142600,23,0.00620882,7695.71,35.2895
adh24,142600,24,0.00562882,7699.65,34.8474
cona19,103075,19,0.00556882,6142.87,22.7566
cona20,103075,20,0.00490882,6129.55,22.4289
poly_5,373.2,1,0.00083,195.443,0.39403
poly_6,444.2,1,0.00075,189.899,0.37986
poly_7,515.3,1,0.00104,204.692,0.427932
poly_8,586.3,1,0.00142,222.931,0.502091
poly_9,657.3,1,0.00177,238.489,0.572275
poly_10,728.4,1,0.0021,252.26,0.636678
poly_11,799.4,1,0.00246,266.503,0.707016
poly_12,870.5,1,0.00284,280.811,0.773979
poly_13,941.5,1,0.00322,294.388,0.836247
poly_14,1012.5,1,0.00358,306.684,0.895294
polyz2_11,799.4,2,0.00043,330.798,0.564347
polyz2_12,870.5,2,0.0004,326.905,0.570674
polyz2_13,941.5,2,0.0003,315.032,0.601564
polyz2_14,1012.5,2,0.00062,350.675,0.519032
polyz2_15,1083.6,2,0.00049,335.989,0.543323
polyz2_16,1154.6,2,0.00063,351.116,0.51491
polyz2_17,1225.6,2,0.00076,364.719,0.501115
polyz2_18,1296.7,2,0.00092,380.975,0.49984
polyz2_19,1367.7,2,0.00107,395.677,0.512126
polyz2_20,1438.8,2,0.00125,412.715,0.543393
polyz2_21,1509.8,2,0.00139,425.519,0.570022
polyz2_22,1580.8,2,0.0016,444.146,0.622207
polyz2_23,1651.9,2,0.00173,455.229,0.657156
polyz2_24,1722.9,2,0.00168,450.688,0.641595
polyz2_25,1793.9,2,0.00193,471.689,0.712259
polyz2_26,1865,2,0.00177,458.011,0.664281
polyz3_21,1509.8,3,0.0006,515.179,0.850677
polyz3_22,1580.8,3,0.00044,488.935,0.907595
polyz3_23,1651.9,3,0.00051,500.192,0.879417
polyz3_24,1722.9,3,0.00058,511.304,0.854229
polyz3_25,1793.9,3,0.00068,527.039,0.82352
polyz3_26,1865,3,0.00077,540.9,0.798315
polyz3_27,1937.03,3,0.00088,557.467,0.793058
polyz3_28,2008.11,3,0.001,575.096,0.791504
polyz3_29,2079.18,3,0.0011,589.397,0.796081
polyz3_30,2150.26,3,0.00122,606.182,0.802499
polyz3_31,2221.33,3,0.00134,622.488,0.841228
polyz3_32,2292.41,3,0.00144,635.816,0.865304
polyz3_33,2363.48,3,0.00155,650.198,0.896495
