[PARAMETERS]
g, dg, a, da, c, dc, t0, dt0
0.530495,0.00594523,0.532003,0.0206976,0.593418,0.0243302,0.00312665,0.000117699

[DIAGNOSTICS]
ID,Mass,Z,Mobility,Alpha,Gamma,Model Vel.,Exp. Vel.,Error %
poly_5,373.2,1,0.0722993,0.0878886,0.557364,48.4654,38.1001,27.2055
poly_6,444.2,1,0.0667332,0.0965556,0.514454,41.1299,37.2071,10.543
poly_7,515.3,1,0.0614201,0.103093,0.473495,34.7238,33.4358,3.85204
poly_8,586.3,1,0.0566628,0.108212,0.436821,29.4712,29.6499,-0.602509
poly_9,657.3,1,0.0530341,0.113547,0.408846,25.764,26.9163,-4.28131
poly_10,728.4,1,0.0502405,0.119201,0.38731,23.0837,24.6682,-6.42331
poly_11,799.4,1,0.0473816,0.123376,0.36527,20.5006,22.5845,-9.22714
poly_12,870.5,1,0.0454704,0.12893,0.350537,18.8583,20.7743,-9.22295
poly_13,941.5,1,0.0435632,0.133597,0.335834,17.2909,19.2327,-10.0967
poly_14,1012.5,1,0.0418124,0.137898,0.322337,15.9135,17.9548,-11.3689
polyz2_11,799.4,2,0.0867595,0.112956,0.668839,59.2043,42.4277,39.5415
polyz2_12,870.5,2,0.0829945,0.117664,0.639814,54.0015,48.7838,10.6956
polyz2_13,941.5,2,0.0800473,0.122742,0.617094,50.1073,44.5876,12.3793
polyz2_14,1012.5,2,0.0768444,0.126717,0.592403,46.0593,43.2219,6.56464
polyz2_15,1083.6,2,0.0743215,0.131163,0.572953,42.9966,41.1226,4.55714
polyz2_16,1154.6,2,0.0715596,0.134563,0.551661,39.7779,39.2785,1.27156
polyz2_17,1225.6,2,0.069185,0.138098,0.533355,37.116,37.0443,0.193444
polyz2_18,1296.7,2,0.0671411,0.141793,0.517599,34.9019,35.1964,-0.836743
polyz2_19,1367.7,2,0.0648845,0.14453,0.500202,32.5447,33.5684,-3.04947
polyz2_20,1438.8,2,0.0630866,0.147831,0.486342,30.7264,31.6052,-2.78069
polyz2_21,1509.8,2,0.0612392,0.150583,0.472101,28.9171,30.3586,-4.74842
polyz2_22,1580.8,2,0.0594979,0.153181,0.458677,27.2645,28.9734,-5.89833
polyz2_23,1651.9,2,0.0582507,0.156716,0.449062,26.1086,27.5588,-5.26213
polyz2_24,1722.9,2,0.0568009,0.159383,0.437885,24.8011,28.8746,-14.1077
polyz2_25,1793.9,2,0.0555432,0.162277,0.428189,23.694,27.7091,-14.4904
polyz2_26,1865,2,0.0541092,0.164353,0.417134,22.4665,26.6901,-15.8246
polyz2_26,1865,2,0.0541092,0.164353,0.417134,22.4665,81.0714,-72.2881
polyz2_26,1865,2,0.0541092,0.164353,0.417134,22.4665,81.2369,-72.3445

[CALIBRATED DATA]
ID,Mass,Z,Drift,CCS,CCS Std.Dev.
poly_5,373.2,1,0.00354,203.63,0.662141
poly_6,444.2,1,0.0037,204.801,0.664449
poly_7,515.3,1,0.00447,214.936,0.700495
poly_8,586.3,1,0.00544,227.289,0.793346
poly_9,657.3,1,0.00631,237.76,0.897463
poly_10,728.4,1,0.00717,247.676,1.00703
poly_11,799.4,1,0.00812,258.243,1.12922
poly_12,870.5,1,0.0091,268.721,1.24857
poly_13,941.5,1,0.01008,278.794,1.3766
poly_14,1012.5,1,0.01102,288.081,1.49309
polyz2_11,799.4,2,0.00286,348.071,1.11107
polyz2_12,870.5,2,0.00208,324.614,1.39496
polyz2_13,941.5,2,0.00257,338.664,1.19711
polyz2_14,1012.5,2,0.00275,343.431,1.14312
polyz2_15,1083.6,2,0.00305,351.532,1.05292
polyz2_16,1154.6,2,0.00334,359.163,0.986532
polyz2_17,1225.6,2,0.00373,369.301,0.924241
polyz2_18,1296.7,2,0.00409,378.374,0.88901
polyz2_19,1367.7,2,0.00444,386.987,0.886284
polyz2_20,1438.8,2,0.00491,398.361,0.909459
polyz2_21,1509.8,2,0.00524,406.064,0.943005
polyz2_22,1580.8,2,0.00564,415.267,0.998436
polyz2_23,1651.9,2,0.00609,425.41,1.07453
polyz2_24,1722.9,2,0.00567,415.417,1.00131
polyz2_25,1793.9,2,0.00604,423.723,1.06352
polyz2_26,1865,2,0.00639,431.414,1.12853
polyz2_26,1865,2,6.39e-06,249.653,2.76275
polyz2_26,1865,2,6.39e-09,249.406,2.76874
