[PARAMETERS]
g, dg, a, da, c, dc, t0, dt0
0.69529,0.0100857,0.710687,0.113645,0.362539,0.0265927,0.000716349,6.62828e-05

[DIAGNOSTICS]
ID,Mass,Z,Mobility,Alpha,Gamma,Model Vel.,Exp. Vel.,Error %
poly_5,373.2,1,0.0722993,0.0878886,0.557364,67.1503,63.8777,5.12325
poly_6,444.2,1,0.0667332,0.0965556,0.514454,56.8096,56.9973,-0.329299
poly_7,515.3,1,0.0614201,0.103093,0.473495,47.8334,48.6931,-1.7655
poly_8,586.3,1,0.0566628,0.108212,0.436821,40.5097,40.9919,-1.17625
poly_9,657.3,1,0.0530341,0.113547,0.408846,35.3572,35.7931,-1.2178
poly_10,728.4,1,0.0502405,0.119201,0.38731,31.6395,31.9242,-0.89183
poly_11,799.4,1,0.0473816,0.123376,0.36527,28.0667,28.487,-1.4755
poly_12,870.5,1,0.0454704,0.12893,0.350537,25.7955,25.6401,0.605964
poly_13,941.5,1,0.0435632,0.133597,0.335834,23.6321,23.2892,1.47227
poly_14,1012.5,1,0.0418124,0.137898,0.322337,21.7335,21.4051,1.53425
polyz2_11,799.4,2,0.0867595,0.112956,0.668839,88.4877,73.4879,20.4112
polyz2_12,870.5,2,0.0829945,0.117664,0.639814,80.489,83.3785,-3.46552
polyz2_13,941.5,2,0.0800473,0.122742,0.617094,74.5275,77.2894,-3.57342
polyz2_14,1012.5,2,0.0768444,0.126717,0.592403,68.361,73.9157,-7.51486
polyz2_15,1083.6,2,0.0743215,0.131163,0.572953,63.7094,66.9064,-4.77835
polyz2_16,1154.6,2,0.0715596,0.134563,0.551661,58.8405,62.1582,-5.33742
polyz2_17,1225.6,2,0.069185,0.138098,0.533355,54.8246,56.7427,-3.38022
polyz2_18,1296.7,2,0.0671411,0.141793,0.517599,51.4911,52.4106,-1.75442
polyz2_19,1367.7,2,0.0648845,0.14453,0.500202,47.9538,48.5999,-1.32943
polyz2_20,1438.8,2,0.0630866,0.147831,0.486342,45.2283,44.826,0.897335
polyz2_21,1509.8,2,0.0612392,0.150583,0.472101,42.5229,42.0088,1.22375
polyz2_22,1580.8,2,0.0594979,0.153181,0.458677,40.0563,38.5061,4.02561
polyz2_23,1651.9,2,0.0582507,0.156716,0.449062,38.3298,36.7246,4.37107
polyz2_24,1722.9,2,0.0568009,0.159383,0.437885,36.3825,39.2196,-7.23393
polyz2_25,1793.9,2,0.0555432,0.162277,0.428189,34.7346,33.0886,4.97439
polyz2_26,1865,2,0.0541092,0.164353,0.417134,32.9122,35.2957,-6.75274

[CALIBRATED DATA]
ID,Mass,Z,Drift,CCS,CCS Std.Dev.
poly_5,373.2,1,0.00326,185.397,0.768674
poly_6,444.2,1,0.00374,194.68,0.70022
poly_7,515.3,1,0.0045,209.147,0.652096
poly_8,586.3,1,0.00548,226.664,0.658977
poly_9,657.3,1,0.00638,241.519,0.706259
poly_10,728.4,1,0.00724,254.847,0.769504
poly_11,799.4,1,0.0082,268.987,0.8612
poly_12,870.5,1,0.00919,282.822,0.942606
poly_13,941.5,1,0.01019,296.105,1.02927
poly_14,1012.5,1,0.01115,308.291,1.11267
polyz2_11,799.4,2,0.00274,323.214,1.03843
polyz2_12,870.5,2,0.00233,303.857,1.26233
polyz2_13,941.5,2,0.00257,314.488,1.13115
polyz2_14,1012.5,2,0.00272,320.778,1.06345
polyz2_15,1083.6,2,0.00308,335.96,0.936118
polyz2_16,1154.6,2,0.00337,347.638,0.870635
polyz2_17,1225.6,2,0.00376,362.871,0.840299
polyz2_18,1296.7,2,0.00413,376.702,0.860101
polyz2_19,1367.7,2,0.00451,390.396,0.923049
polyz2_20,1438.8,2,0.00495,405.718,1.01979
polyz2_21,1509.8,2,0.00533,418.434,1.12437
polyz2_22,1580.8,2,0.00588,436.324,1.27742
polyz2_23,1651.9,2,0.0062,446.23,1.3766
polyz2_24,1722.9,2,0.00576,431.665,1.28595
polyz2_25,1793.9,2,0.00696,469.026,1.58608
polyz2_26,1865,2,0.00648,453.948,1.50087
