adh_ciu_1	147608	24	0	0
adh_ciu_2	147608	24	0	0.138256281
adh_ciu_3	147608	24	0	0.276512563
adh_ciu_4	147608	24	0	0.414768844
adh_ciu_5	147608	24	0	0.553025126
adh_ciu_6	147608	24	0	0.691281407
adh_ciu_7	147608	24	0	0.829537688
adh_ciu_8	147608	24	0	0.96779397
adh_ciu_9	147608	24	0	1.106050251
adh_ciu_10	147608	24	0	1.244306533
adh_ciu_11	147608	24	0	1.382562814
adh_ciu_12	147608	24	0	1.520819095
adh_ciu_13	147608	24	0	1.659075377
adh_ciu_14	147608	24	0	1.797331658
adh_ciu_15	147608	24	0	1.93558794
adh_ciu_16	147608	24	0	2.073844221
adh_ciu_17	147608	24	0	2.212100503
adh_ciu_18	147608	24	0	2.350356784
adh_ciu_19	147608	24	0	2.488613065
adh_ciu_20	147608	24	0	2.626869347
adh_ciu_21	147608	24	0	2.765125628
adh_ciu_22	147608	24	0	2.90338191
adh_ciu_23	147608	24	0	3.041638191
adh_ciu_24	147608	24	0	3.179894472
adh_ciu_25	147608	24	0	3.318150754
adh_ciu_26	147608	24	0	3.456407035
adh_ciu_27	147608	24	0	3.594663317
adh_ciu_28	147608	24	0	3.732919598
adh_ciu_29	147608	24	0	3.871175879
adh_ciu_30	147608	24	0	4.009432161
adh_ciu_31	147608	24	0	4.147688442
adh_ciu_32	147608	24	0	4.285944724
adh_ciu_33	147608	24	0	4.424201005
adh_ciu_34	147608	24	0	4.562457286
adh_ciu_35	147608	24	0	4.700713568
adh_ciu_36	147608	24	0	4.838969849
adh_ciu_37	147608	24	0	4.977226131
adh_ciu_38	147608	24	0	5.115482412
adh_ciu_39	147608	24	0	5.253738693
adh_ciu_40	147608	24	0	5.391994975
adh_ciu_41	147608	24	0	5.530251256
adh_ciu_42	147608	24	0	5.668507538
adh_ciu_43	147608	24	0	5.806763819
adh_ciu_44	147608	24	0	5.945020101
adh_ciu_45	147608	24	0	6.083276382
adh_ciu_46	147608	24	0	6.221532663
adh_ciu_47	147608	24	0	6.359788945
adh_ciu_48	147608	24	0	6.498045226
adh_ciu_49	147608	24	0	6.636301508
adh_ciu_50	147608	24	0	6.774557789
adh_ciu_51	147608	24	0	6.91281407
adh_ciu_52	147608	24	0	7.051070352
adh_ciu_53	147608	24	0	7.189326633
adh_ciu_54	147608	24	0	7.327582915
adh_ciu_55	147608	24	0	7.465839196
adh_ciu_56	147608	24	0	7.604095477
adh_ciu_57	147608	24	0	7.742351759
adh_ciu_58	147608	24	0	7.88060804
adh_ciu_59	147608	24	0	8.018864322
adh_ciu_60	147608	24	0	8.157120603
adh_ciu_61	147608	24	0	8.295376884
adh_ciu_62	147608	24	0	8.433633166
adh_ciu_63	147608	24	0	8.571889447
adh_ciu_64	147608	24	0	8.710145729
adh_ciu_65	147608	24	0	8.84840201
adh_ciu_66	147608	24	0	8.986658291
adh_ciu_67	147608	24	0	9.124914573
adh_ciu_68	147608	24	0	9.263170854
adh_ciu_69	147608	24	0	9.401427136
adh_ciu_70	147608	24	0	9.539683417
adh_ciu_71	147608	24	0	9.677939698
adh_ciu_72	147608	24	0	9.81619598
adh_ciu_73	147608	24	0	9.954452261
adh_ciu_74	147608	24	0	10.09270854
adh_ciu_75	147608	24	0	10.23096482
adh_ciu_76	147608	24	0	10.36922111
adh_ciu_77	147608	24	0	10.50747739
adh_ciu_78	147608	24	0	10.64573367
adh_ciu_79	147608	24	0	10.78398995
adh_ciu_80	147608	24	0	10.92224623
adh_ciu_81	147608	24	0	11.06050251
adh_ciu_82	147608	24	0	11.19875879
adh_ciu_83	147608	24	0	11.33701508
adh_ciu_84	147608	24	0	11.47527136
adh_ciu_85	147608	24	0	11.61352764
adh_ciu_86	147608	24	0	11.75178392
adh_ciu_87	147608	24	0	11.8900402
adh_ciu_88	147608	24	0	12.02829648
adh_ciu_89	147608	24	0	12.16655276
adh_ciu_90	147608	24	0	12.30480905
adh_ciu_91	147608	24	0	12.44306533
adh_ciu_92	147608	24	0	12.58132161
adh_ciu_93	147608	24	0	12.71957789
adh_ciu_94	147608	24	0	12.85783417
adh_ciu_95	147608	24	0	12.99609045
adh_ciu_96	147608	24	0	13.13434673
adh_ciu_97	147608	24	0	13.27260302
adh_ciu_98	147608	24	0	13.4108593
adh_ciu_99	147608	24	0	13.54911558
adh_ciu_100	147608	24	0	13.68737186
adh_ciu_101	147608	24	0	13.82562814
adh_ciu_102	147608	24	0	13.96388442
adh_ciu_103	147608	24	0	14.1021407
adh_ciu_104	147608	24	0	14.24039698
adh_ciu_105	147608	24	0	14.37865327
adh_ciu_106	147608	24	0	14.51690955
adh_ciu_107	147608	24	0	14.65516583
adh_ciu_108	147608	24	0	14.79342211
adh_ciu_109	147608	24	0	14.93167839
adh_ciu_110	147608	24	0	15.06993467
adh_ciu_111	147608	24	0	15.20819095
adh_ciu_112	147608	24	0	15.34644724
adh_ciu_113	147608	24	0	15.48470352
adh_ciu_114	147608	24	0	15.6229598
adh_ciu_115	147608	24	0	15.76121608
adh_ciu_116	147608	24	0	15.89947236
adh_ciu_117	147608	24	0	16.03772864
adh_ciu_118	147608	24	0	16.17598492
adh_ciu_119	147608	24	0	16.31424121
adh_ciu_120	147608	24	0	16.45249749
adh_ciu_121	147608	24	0	16.59075377
adh_ciu_122	147608	24	0	16.72901005
adh_ciu_123	147608	24	0	16.86726633
adh_ciu_124	147608	24	0	17.00552261
adh_ciu_125	147608	24	0	17.14377889
adh_ciu_126	147608	24	0	17.28203518
adh_ciu_127	147608	24	0	17.42029146
adh_ciu_128	147608	24	0	17.55854774
adh_ciu_129	147608	24	0	17.69680402
adh_ciu_130	147608	24	0	17.8350603
adh_ciu_131	147608	24	0	17.97331658
adh_ciu_132	147608	24	0	18.11157286
adh_ciu_133	147608	24	0	18.24982915
adh_ciu_134	147608	24	0	18.38808543
adh_ciu_135	147608	24	0	18.52634171
adh_ciu_136	147608	24	0	18.66459799
adh_ciu_137	147608	24	0	18.80285427
adh_ciu_138	147608	24	0	18.94111055
adh_ciu_139	147608	24	0	19.07936683
adh_ciu_140	147608	24	0	19.21762312
adh_ciu_141	147608	24	0	19.3558794
adh_ciu_142	147608	24	0	19.49413568
adh_ciu_143	147608	24	0	19.63239196
adh_ciu_144	147608	24	0	19.77064824
adh_ciu_145	147608	24	0	19.90890452
adh_ciu_146	147608	24	0	20.0471608
adh_ciu_147	147608	24	0	20.18541709
adh_ciu_148	147608	24	0	20.32367337
adh_ciu_149	147608	24	0	20.46192965
adh_ciu_150	147608	24	0	20.60018593
adh_ciu_151	147608	24	0	20.73844221
adh_ciu_152	147608	24	0	20.87669849
adh_ciu_153	147608	24	0	21.01495477
adh_ciu_154	147608	24	0	21.15321106
adh_ciu_155	147608	24	0	21.29146734
adh_ciu_156	147608	24	0	21.42972362
adh_ciu_157	147608	24	0	21.5679799
adh_ciu_158	147608	24	0	21.70623618
adh_ciu_159	147608	24	0	21.84449246
adh_ciu_160	147608	24	0	21.98274874
adh_ciu_161	147608	24	0	22.12100503
adh_ciu_162	147608	24	0	22.25926131
adh_ciu_163	147608	24	0	22.39751759
adh_ciu_164	147608	24	0	22.53577387
adh_ciu_165	147608	24	0	22.67403015
adh_ciu_166	147608	24	0	22.81228643
adh_ciu_167	147608	24	0	22.95054271
adh_ciu_168	147608	24	0	23.088799
adh_ciu_169	147608	24	0	23.22705528
adh_ciu_170	147608	24	0	23.36531156
adh_ciu_171	147608	24	0	23.50356784
adh_ciu_172	147608	24	0	23.64182412
adh_ciu_173	147608	24	0	23.7800804
adh_ciu_174	147608	24	0	23.91833668
adh_ciu_175	147608	24	0	24.05659296
adh_ciu_176	147608	24	0	24.19484925
adh_ciu_177	147608	24	0	24.33310553
adh_ciu_178	147608	24	0	24.47136181
adh_ciu_179	147608	24	0	24.60961809
adh_ciu_180	147608	24	0	24.74787437
adh_ciu_181	147608	24	0	24.88613065
adh_ciu_182	147608	24	0	25.02438693
adh_ciu_183	147608	24	0	25.16264322
adh_ciu_184	147608	24	0	25.3008995
adh_ciu_185	147608	24	0	25.43915578
adh_ciu_186	147608	24	0	25.57741206
adh_ciu_187	147608	24	0	25.71566834
adh_ciu_188	147608	24	0	25.85392462
adh_ciu_189	147608	24	0	25.9921809
adh_ciu_190	147608	24	0	26.13043719
adh_ciu_191	147608	24	0	26.26869347
adh_ciu_192	147608	24	0	26.40694975
adh_ciu_193	147608	24	0	26.54520603
adh_ciu_194	147608	24	0	26.68346231
adh_ciu_195	147608	24	0	26.82171859
adh_ciu_196	147608	24	0	26.95997487
adh_ciu_197	147608	24	0	27.09823116
adh_ciu_198	147608	24	0	27.23648744
adh_ciu_199	147608	24	0	27.37474372
adh_ciu_200	147608	24	0	27.513
