z	velocity	temperature	rho
0.626348	0.266402	600	0.568983
0.626873	0.274385	599.985	0.568993
0.627311	0.282892	599.968	0.569009
0.627319	0.283182	599.968	0.56901
0.628258	0.332159	599.88	0.569093
0.628346	0.342806	599.861	0.569111
0.628709	0.387456	599.784	0.569184
0.629509	0.562475	599.509	0.569445
0.630309	0.948736	599.231	0.569708
0.630709	1.38082	598.992	0.569933
0.631109	2.3471	598.475	0.570419
0.631509	4.35276	598.103	0.570747
0.631709	6.68973	597.867	0.57092
0.631909	12.1508	597.112	0.571445
0.632109	23.8462	596.726	0.571009
0.632209	36.2767	596.294	0.570062
0.632309	57.0022	594.429	0.568538
0.632409	85.5079	589.508	0.566783
0.632509	115.09	583.598	0.563647
0.632609	135.428	577.288	0.562379
0.632709	144.222	573.053	0.562507
0.632783	146.453	571.054	0.563024
0.632903	147.045	568.978	0.564295
0.633028	146.949	566.704	0.566158
0.633109	146.805	565.251	0.567383
0.633209	146.913	564.341	0.568048
0.633309	146.856	563.324	0.568841
0.633409	146.794	562.369	0.56959
0.633509	146.83	561.675	0.570085
0.633608	146.903	561.034	0.570534
0.633709	146.908	560.339	0.571034
0.633809	146.965	559.761	0.57141
0.633909	146.999	559.121	0.571854
0.634009	147.291	558.716	0.57204
0.634109	147.376	558.188	0.572335
0.634209	147.397	557.744	0.572581
0.634309	147.404	557.328	0.572818
0.634409	147.539	556.991	0.57296
0.634509	147.574	556.572	0.573186
0.634609	147.692	556.278	0.573307
0.634709	147.703	555.872	0.57352
0.634809	147.764	555.485	0.573678
0.634909	147.813	555.04	0.573885
0.635009	148.026	554.773	0.573931
0.635109	148.006	554.424	0.574084
0.635209	148.103	554.17	0.57414
0.635309	147.981	553.804	0.57432
0.635409	148.106	553.578	0.574345
0.635509	148.215	553.299	0.574422
0.635609	148.158	552.982	0.574535
0.635709	148.058	552.72	0.574621
0.635809	148.063	552.497	0.574701
0.635909	147.923	552.175	0.574857
0.636009	147.909	551.912	0.574915
0.636109	147.782	551.583	0.575037
0.636209	147.726	551.268	0.575128
0.636309	147.872	551.077	0.575097
0.636409	147.978	550.902	0.575089
0.636509	148.032	550.705	0.575124
0.636609	147.938	550.441	0.575209
0.636709	147.783	550.166	0.575308
0.636809	147.726	549.934	0.57537
0.636909	147.729	549.725	0.575385
0.637007	147.813	549.538	0.57537
0.637008	147.827	549.543	0.575364
0.637109	147.86	549.293	0.575396
0.637209	148.085	549.116	0.575329
0.637309	148.104	548.897	0.575338
0.637409	148.273	548.735	0.575317
0.637509	148.294	548.507	0.575324
0.637609	148.304	548.337	0.57527
0.637709	148.327	548.179	0.575236
0.637809	148.35	547.976	0.575236
0.637909	148.309	547.723	0.575248
0.638009	148.316	547.475	0.575234
0.638109	148.518	547.32	0.575138
0.638209	148.481	547.122	0.575107
0.638309	148.446	546.97	0.575069
0.638409	148.367	546.812	0.575076
0.638509	148.196	546.607	0.575126
0.638609	148.052	546.411	0.575155
0.638709	147.934	546.198	0.575188
0.638809	147.885	545.985	0.575193
0.638909	148.078	545.858	0.575099
0.639008	148.262	545.751	0.574999
0.639109	148.178	545.563	0.574997
0.639209	148.112	545.389	0.574984
0.639309	148.205	545.243	0.574932
0.639409	148.23	545.068	0.574898
0.639509	148.297	544.909	0.574843
0.639609	148.188	544.693	0.574845
0.639709	148.275	544.545	0.574778
0.639809	148.398	544.396	0.574714
0.639909	148.401	544.21	0.574672
0.640009	148.446	544.044	0.574607
0.640109	148.38	543.859	0.574561
0.640209	148.434	543.721	0.574488
0.640309	148.372	543.532	0.574471
0.640409	148.478	543.391	0.574384
0.640509	148.539	543.236	0.574324
0.640609	148.678	543.097	0.574259
0.640709	148.812	542.936	0.574188
0.640809	148.933	542.77	0.57411
0.640909	149.062	542.62	0.574027
0.641009	149.121	542.468	0.573958
0.641109	148.919	542.284	0.573953
0.641209	148.854	542.159	0.573923
0.641309	148.928	542.043	0.573877
0.641409	149.11	541.913	0.573811
0.641509	149.282	541.754	0.57374
0.641609	149.385	541.582	0.573662
0.641709	149.515	541.427	0.573577
0.641809	149.477	541.259	0.573508
0.641909	149.379	541.098	0.573439
0.642009	149.351	540.959	0.573395
0.642108	149.413	540.849	0.573332
0.642209	149.33	540.698	0.573304
0.642309	149.272	540.569	0.573265
0.642409	149.17	540.429	0.573242
0.642509	149.094	540.276	0.573215
0.642609	149.242	540.161	0.573123
0.642709	149.367	540.025	0.573038
0.642809	149.274	539.831	0.572995
0.642909	149.412	539.699	0.572891
0.643009	149.553	539.578	0.572787
0.643109	149.328	539.395	0.572763
0.643209	149.275	539.265	0.572713
0.643309	149.33	539.142	0.572649
0.643409	149.262	538.976	0.572604
0.643509	149.32	538.844	0.572509
0.643609	149.4	538.702	0.572417
0.643709	149.652	538.574	0.57231
0.643809	149.768	538.417	0.57222
0.643909	149.811	538.291	0.572117
0.644009	149.701	538.151	0.572065
0.644109	149.613	538.016	0.572025
0.644209	149.613	537.895	0.571964
0.644309	149.559	537.781	0.571904
0.64441	149.464	537.643	0.57188
0.644509	149.26	537.459	0.571883
0.644609	149.302	537.359	0.57179
0.644709	149.302	537.239	0.571733
0.644809	149.32	537.101	0.571676
0.644909	149.395	536.999	0.571585
0.64501	149.457	536.879	0.571522
0.645109	149.224	536.684	0.571522
0.645209	149.334	536.599	0.571423
0.645309	149.285	536.454	0.571384
0.645409	149.452	536.343	0.571271
0.645509	149.423	536.198	0.571191
0.645609	149.518	536.082	0.571107
0.645709	149.556	535.95	0.571037
0.645809	149.468	535.807	0.570989
0.645909	149.381	535.657	0.570938
0.646009	149.329	535.505	0.570862
0.646109	149.383	535.393	0.570765
0.646209	149.358	535.234	0.570721
0.646309	149.354	535.08	0.570639
0.646409	149.252	534.932	0.57056
0.646509	149.183	534.791	0.570525
0.646609	149.253	534.678	0.570451
0.646709	149.217	534.524	0.570403
0.646809	149.249	534.369	0.570334
0.646909	149.282	534.229	0.570254
0.647009	149.225	534.07	0.570203
0.647109	149.231	533.935	0.570112
0.647209	149.246	533.83	0.570014
0.64731	149.209	533.709	0.569956
0.64741	149.114	533.574	0.569929
0.647509	149.12	533.451	0.56988
0.647609	149.081	533.298	0.569839
0.64771	149.177	533.196	0.569746
0.647809	149.184	533.056	0.569703
0.647909	149.204	532.907	0.569639
0.64801	149.334	532.784	0.569543
0.648109	149.26	532.615	0.569506
0.648209	149.279	532.499	0.569418
0.648309	149.219	532.356	0.569364
0.648409	149.343	532.256	0.569256
0.648509	149.396	532.12	0.569187
0.648609	149.562	532.003	0.569074
0.648709	149.564	531.857	0.568999
0.648809	149.557	531.715	0.568923
0.64891	149.552	531.567	0.568863
0.64901	149.661	531.429	0.568803
0.649109	149.741	531.305	0.56872
0.649209	149.683	531.168	0.568659
0.64931	149.598	531.018	0.568602
0.649409	149.591	530.889	0.568527
0.64951	149.467	530.737	0.568493
0.649609	149.47	530.626	0.568434
0.649709	149.292	530.459	0.568424
0.649809	149.266	530.348	0.568358
0.649909	149.216	530.217	0.568327
0.650009	149.323	530.098	0.568257
0.650109	149.293	529.926	0.568208
0.650209	149.149	529.743	0.568167
0.650309	149.222	529.651	0.568076
0.650409	149.215	529.526	0.568033
0.650509	149.149	529.374	0.568004
0.650609	149.136	529.255	0.567965
0.650709	148.99	529.079	0.567979
0.650809	148.987	528.925	0.567921
0.650909	148.919	528.742	0.567872
0.651009	148.984	528.581	0.567807
0.65111	149.228	528.468	0.567698
0.651209	149.245	528.315	0.56764
0.651309	149.364	528.2	0.567555
0.651409	149.246	528.013	0.567543
0.651509	149.33	527.877	0.567464
0.651608	149.473	527.76	0.567374
0.651709	149.543	527.62	0.567311
0.651808	149.706	527.497	0.56724
0.651909	149.653	527.312	0.567217
0.652009	149.672	527.159	0.567151
0.652109	149.534	526.964	0.567118
0.652209	149.434	526.792	0.567053
0.652309	149.392	526.638	0.567007
0.652409	149.291	526.44	0.567007
0.652509	149.423	526.317	0.566922
0.652609	149.565	526.217	0.566818
0.652709	149.481	526.036	0.566786
0.652809	149.263	525.827	0.566781
0.652909	149.378	525.742	0.566685
0.653009	149.275	525.575	0.566666
0.653109	149.105	525.383	0.566679
0.653209	149.119	525.266	0.566626
0.653308	149.17	525.153	0.566562
0.653409	149.14	524.977	0.566548
0.653509	149.264	524.798	0.566506
0.653609	149.364	524.601	0.566448
0.653709	149.359	524.412	0.566386
0.653809	149.42	524.299	0.566309
0.653909	149.371	524.127	0.566311
0.654009	149.264	523.925	0.566328
0.654109	149.2	523.769	0.566319
0.654209	149.191	523.638	0.566307
0.654309	149.143	523.498	0.5663
0.654409	149.052	523.324	0.566326
0.65451	148.837	523.065	0.566412
0.654609	149.118	522.976	0.566267
0.654709	149.182	522.826	0.566192
0.654809	149.034	522.607	0.56623
0.654909	149.197	522.531	0.566131
0.655009	149.071	522.365	0.566154
0.655109	148.94	522.202	0.566187
0.655209	148.841	522.029	0.566223
0.655309	148.786	521.818	0.566261
0.655409	148.728	521.568	0.566282
0.655509	148.919	521.43	0.566156
0.655609	148.845	521.218	0.56614
0.655709	148.628	520.966	0.566204
0.655809	148.684	520.841	0.566141
0.655909	148.701	520.678	0.566122
0.656009	148.566	520.428	0.566172
0.656109	148.612	520.246	0.56614
0.656209	148.662	520.054	0.566136
0.656309	148.657	519.861	0.566143
0.656409	148.634	519.681	0.566151
0.656509	148.646	519.528	0.566141
0.656609	148.525	519.297	0.566223
0.656709	148.658	519.164	0.566189
0.656809	148.436	518.9	0.566289
0.656909	148.471	518.761	0.566271
0.657009	148.504	518.623	0.56626
0.657109	148.277	518.344	0.566394
0.657209	148.241	518.176	0.566404
0.657309	148.025	517.944	0.566509
0.657408	148.07	517.804	0.566513
0.657509	147.917	517.556	0.566618
0.657609	147.78	517.319	0.566698
0.657709	147.884	517.19	0.566645
0.657709	147.884	517.19	0.566645
0.657809	147.693	516.891	0.566768
0.657909	147.833	516.739	0.56672
0.658009	147.81	516.53	0.566755
0.658109	147.635	516.296	0.566856
0.658209	147.671	516.158	0.566855
0.658309	147.666	515.964	0.566893
0.658409	147.652	515.753	0.566937
0.658509	147.66	515.549	0.566972
0.658609	147.563	515.282	0.567057
0.658709	147.516	515.036	0.567113
0.658809	147.485	514.794	0.567184
0.658909	147.344	514.507	0.567306
0.659009	147.37	514.338	0.567313
0.659109	147.278	514.117	0.567408
0.659209	147.116	513.847	0.567552
0.659309	147.131	513.675	0.567587
0.659409	147.057	513.439	0.5677
0.659508	147.119	513.285	0.567715
0.659509	147.133	513.292	0.567706
0.659609	147.078	513.053	0.567793
0.659709	146.966	512.767	0.567935
0.659809	146.918	512.509	0.568039
0.659909	146.862	512.255	0.568129
0.660009	146.723	511.965	0.568271
0.660109	146.802	511.786	0.568286
0.660209	146.603	511.443	0.568474
0.660306	146.555	511.212	0.568555
0.660308	146.587	511.228	0.568534
0.660409	146.442	510.906	0.568728
0.660509	146.425	510.635	0.568852
0.660609	146.353	510.309	0.569
0.660709	146.105	509.911	0.569241
0.660809	146.152	509.77	0.569244
0.660909	146.049	509.497	0.569405
0.661009	145.955	509.228	0.56954
0.661109	145.84	508.99	0.569669
0.661208	145.754	508.804	0.569772
0.661309	145.608	508.555	0.569955
0.661409	145.372	508.228	0.57022
0.661509	145.181	507.922	0.570448
0.661609	145.107	507.692	0.570579
0.661709	145.061	507.477	0.570688
0.661809	144.884	507.157	0.570922
0.661909	144.816	506.886	0.571085
0.662009	144.83	506.653	0.57119
0.662109	144.721	506.306	0.571397
0.662208	144.618	505.97	0.57159
0.662309	144.498	505.621	0.571808
0.662409	144.516	505.376	0.57192
0.662509	144.473	505.095	0.572085
0.662609	144.18	504.664	0.572436
0.662709	143.943	504.31	0.572734
0.662809	143.754	503.99	0.572998
0.662909	143.557	503.643	0.573285
0.663009	143.471	503.347	0.573492
0.663109	143.251	502.921	0.573829
0.663209	143.128	502.585	0.574076
0.663309	143.072	502.303	0.574262
0.663409	143.05	501.994	0.574469
0.663509	142.891	501.532	0.574827
0.663609	142.888	501.211	0.574999
0.663708	142.828	500.879	0.575198
0.663709	142.831	500.879	0.575196
0.663809	142.828	500.589	0.575374
0.663909	142.67	500.098	0.57576
0.664009	142.609	499.703	0.57601
0.664109	142.481	499.278	0.576304
0.664209	142.344	498.772	0.5767
0.664309	142.304	498.328	0.577
0.664409	142.209	497.941	0.577262
0.664509	142.041	497.572	0.577554
0.664609	141.817	497.179	0.577917
0.664709	141.713	496.895	0.578153
0.664809	141.462	496.415	0.578589
0.664909	141.336	495.976	0.578931
0.665009	141.232	495.58	0.579214
0.665109	141.104	495.186	0.579515
0.665209	141.015	494.793	0.579811
0.665309	140.858	494.314	0.5802
0.665409	141.008	494.087	0.580266
0.665509	140.815	493.506	0.580743
0.665609	140.562	492.922	0.581238
0.665709	140.579	492.627	0.581416
0.665809	140.459	492.199	0.581766
0.665909	140.402	491.844	0.582028
0.666009	140.299	491.49	0.5823
0.666109	139.978	490.93	0.582848
0.666209	139.814	490.516	0.583229
0.666309	139.575	490.013	0.583705
0.666409	139.643	489.818	0.583792
0.666509	139.508	489.419	0.584131
0.666609	139.411	489.031	0.584467
0.666709	139.197	488.509	0.584937
0.666809	139.004	488.015	0.585371
0.666909	138.922	487.584	0.585722
0.667009	138.892	487.202	0.58598
0.667109	138.789	486.779	0.586306
0.667209	138.645	486.324	0.586695
0.667309	138.493	485.847	0.587107
0.667409	138.535	485.587	0.587243
0.667509	138.366	485.149	0.587624
0.667609	138.257	484.765	0.587966
0.667709	138.047	484.206	0.58849
0.667809	137.81	483.618	0.589029
0.667909	137.855	483.339	0.589189
0.668009	137.756	482.89	0.589553
0.668109	137.734	482.496	0.589835
0.668209	137.597	482.001	0.590243
0.668308	137.365	481.478	0.590729
0.668409	137.468	481.276	0.590817
0.668508	137.198	480.66	0.591407
0.668609	137.201	480.326	0.591647
0.668709	137.064	479.867	0.592035
0.668809	136.991	479.497	0.592316
0.668909	136.857	479.042	0.592719
0.669009	136.89	478.721	0.59295
0.669109	136.867	478.313	0.593259
0.669209	136.744	477.812	0.593673
0.669309	136.705	477.412	0.593971
0.669409	136.636	476.946	0.594343
0.669509	136.449	476.332	0.594893
0.669609	136.46	475.948	0.595149
0.669709	136.407	475.542	0.595457
0.669809	136.38	475.169	0.595743
0.669909	136.254	474.672	0.596185
0.670009	136.193	474.234	0.596547
0.670109	136.149	473.808	0.596892
0.670209	136.088	473.366	0.597267
0.670309	135.923	472.858	0.597737
0.670409	135.858	472.455	0.598073
0.670509	135.809	472.013	0.598435
0.670609	135.744	471.525	0.59883
0.670709	135.676	471.076	0.599177
0.670809	135.665	470.723	0.599423
0.670909	135.619	470.326	0.599739
0.671009	135.458	469.834	0.600177
0.671109	135.362	469.385	0.600548
0.671208	135.342	469.023	0.600807
0.671309	135.247	468.598	0.601162
0.671409	135.172	468.158	0.601534
0.671509	135.149	467.769	0.601829
0.671609	134.995	467.31	0.602232
0.671709	135.006	467.014	0.602437
0.671809	134.987	466.653	0.602714
0.671909	134.997	466.288	0.602984
0.672009	134.891	465.831	0.603357
0.672109	134.812	465.426	0.603669
0.672209	134.706	464.964	0.604079
0.672309	134.796	464.673	0.604243
0.672409	134.768	464.244	0.604577
0.672509	134.892	463.943	0.604759
0.672609	134.976	463.572	0.60502
0.672709	134.93	463.093	0.60541
0.672809	134.922	462.68	0.605718
0.672909	134.941	462.38	0.605894
0.673009	134.826	461.959	0.606272
0.673109	134.895	461.675	0.606462
0.673209	134.777	461.257	0.606813
0.673309	134.699	460.919	0.607084
0.673409	134.606	460.532	0.607435
0.673509	134.521	460.125	0.607785
0.673609	134.53	459.811	0.608014
0.673709	134.473	459.447	0.608319
0.673808	134.485	459.103	0.608562
0.673909	134.332	458.611	0.608989
0.674009	134.23	458.214	0.609303
0.674109	134.134	457.876	0.609577
0.674209	133.896	457.463	0.610002
0.674309	133.717	457.103	0.610384
0.674409	133.673	456.797	0.610655
0.674509	133.6	456.451	0.610952
0.674609	133.427	456.017	0.61136
0.674709	133.269	455.61	0.611728
0.674809	133.055	455.166	0.61215
0.674908	132.967	454.831	0.612441
0.675009	132.778	454.384	0.612887
0.675109	132.717	454.023	0.61318
0.675209	132.618	453.643	0.613489
0.675309	132.536	453.284	0.613778
0.675409	132.576	453.01	0.613953
0.675509	132.333	452.496	0.614453
0.675609	132.259	452.103	0.614779
0.675709	132.419	451.858	0.614884
0.675809	132.388	451.434	0.615213
0.675909	132.461	451.117	0.615408
0.676009	132.529	450.781	0.615643
0.676109	132.496	450.381	0.615952
0.676209	132.459	450.057	0.616168
0.676309	132.31	449.7	0.616461
0.676409	132.176	449.383	0.616747
0.676509	132.01	449.01	0.617118
0.676609	131.945	448.676	0.617397
0.676709	131.863	448.309	0.6177
0.676809	131.788	447.945	0.617989
0.676909	131.658	447.559	0.618316
0.677009	131.638	447.265	0.618528
0.677109	131.553	446.941	0.618799
0.677209	131.492	446.657	0.619033
0.677308	131.464	446.384	0.619247
0.677409	131.341	445.992	0.619595
0.677509	131.242	445.607	0.619907
0.677609	131.222	445.262	0.620169
0.677708	131.353	445.036	0.620271
0.677809	131.29	444.685	0.620539
0.677909	131.143	444.315	0.620862
0.678009	131.025	443.954	0.621182
0.678109	131.134	443.728	0.621287
0.678209	131.052	443.364	0.621579
0.678309	130.904	442.949	0.621938
0.678409	130.932	442.647	0.622131
0.678508	131.106	442.432	0.622206
0.678609	131.16	442.077	0.622477
0.678709	131.292	441.752	0.622678
0.678809	131.299	441.373	0.622929
0.678909	131.247	440.993	0.623187
0.679009	131.228	440.653	0.623407
0.679109	131.194	440.318	0.623647
0.679209	131.279	440.053	0.623801
0.679309	131.254	439.702	0.624052
0.679408	131.282	439.426	0.6242
0.679509	131.159	439.04	0.624514
0.679608	131.173	438.809	0.624635
0.679709	131.107	438.531	0.624859
0.679809	130.786	438.095	0.625321
0.679909	130.768	437.895	0.625464
0.680009	130.666	437.57	0.62575
0.680109	130.587	437.254	0.625995
0.680209	130.495	436.933	0.626258
0.680309	130.48	436.652	0.626463
0.680409	130.412	436.341	0.626708
0.680509	130.328	436.036	0.626961
0.680609	130.297	435.759	0.627189
0.680709	130.298	435.479	0.627389
0.680808	130.376	435.258	0.627476
0.680808	130.381	435.261	0.627471
0.680909	130.263	434.904	0.627761
0.681009	130.345	434.703	0.62783
0.681109	130.197	434.382	0.628083
0.681209	130.084	434.094	0.62833
0.681308	130.116	433.885	0.628449
0.681409	130.145	433.608	0.628644
0.681509	130.241	433.338	0.628778
0.681609	130.22	432.986	0.629005
0.681709	130.341	432.725	0.629119
0.681809	130.292	432.35	0.629414
0.681909	130.367	432.086	0.629529
0.682009	130.24	431.742	0.629771
0.682109	130.148	431.433	0.629999
0.682209	130.141	431.147	0.630184
0.682309	130.151	430.862	0.630364
0.682309	130.151	430.862	0.630364
0.682409	130.118	430.559	0.63059
0.682508	130.225	430.35	0.630663
0.682609	130.227	430.058	0.630834
0.682709	130.234	429.781	0.630993
0.682809	130.18	429.476	0.63119
0.682909	130.093	429.158	0.63143
0.683009	130.086	428.902	0.631594
0.683109	130.082	428.647	0.63176
0.683209	130.152	428.444	0.631859
0.683309	129.988	428.091	0.632176
0.683409	129.915	427.8	0.632397
0.683509	129.95	427.555	0.632534
0.683609	130.037	427.362	0.632594
0.683709	130	427.068	0.632814
0.683809	130.011	426.798	0.632975
0.683909	129.922	426.537	0.633146
0.684009	129.728	426.261	0.633414
0.684109	129.477	425.928	0.633776
0.684209	129.412	425.664	0.633992
0.684309	129.333	425.403	0.634185
0.684409	129.174	425.101	0.634447
0.684509	129.071	424.812	0.634683
0.684609	129.02	424.555	0.634861
0.684709	128.901	424.255	0.635104
0.684809	128.956	424.051	0.635195
0.684909	128.901	423.786	0.635368
0.685009	128.826	423.517	0.635547
0.685109	128.799	423.275	0.635698
0.685209	128.751	423.04	0.635854
0.685309	128.573	422.73	0.63612
0.685409	128.492	422.485	0.6363
0.685509	128.537	422.29	0.63641
0.685609	128.506	422.006	0.636606
0.685709	128.485	421.738	0.636755
0.685809	128.485	421.496	0.636877
0.685908	128.626	421.342	0.63687
0.686009	128.594	421.083	0.637026
0.686108	128.601	420.863	0.637131
0.686209	128.519	420.589	0.637321
0.686309	128.476	420.337	0.637474
0.686409	128.535	420.138	0.637539
0.686509	128.612	419.93	0.637628
0.686609	128.638	419.708	0.637743
0.686709	128.476	419.413	0.637977
0.686809	128.382	419.183	0.63814
0.686909	128.325	418.964	0.638294
0.687009	128.191	418.676	0.638529
0.687109	128.222	418.458	0.638627
0.687209	128.227	418.236	0.63873
0.687308	128.332	418.065	0.638763
0.687409	128.283	417.78	0.638938
0.687509	128.313	417.539	0.639028
0.687609	128.286	417.274	0.639159
0.687709	128.245	417.031	0.63928
0.687809	128.254	416.842	0.639343
0.687909	128.059	416.556	0.639587
0.688009	127.982	416.357	0.639722
0.688109	127.941	416.163	0.639848
0.688209	127.881	415.912	0.640039
0.688309	127.901	415.706	0.640139
0.688409	127.876	415.504	0.640232
0.688509	127.841	415.281	0.640357
0.688609	127.936	415.091	0.640417
0.688709	127.976	414.861	0.64053
0.688809	127.813	414.55	0.640765
0.688909	127.78	414.339	0.640869
0.689009	127.709	414.112	0.641024
0.689109	127.651	413.876	0.641181
0.689208	127.65	413.689	0.641263
0.689308	127.615	413.489	0.64139
0.689409	127.591	413.283	0.641509
0.689509	127.565	413.045	0.641662
0.689608	127.534	412.775	0.641825
0.689709	127.669	412.599	0.641823
0.689809	127.746	412.383	0.641899
0.689908	127.878	412.198	0.641931
0.690009	127.827	411.928	0.642085
0.690109	127.816	411.691	0.642197
0.690209	127.87	411.485	0.642261
0.690309	127.808	411.22	0.64239
0.690409	127.764	411.011	0.642466
0.690509	127.591	410.765	0.642653
0.690609	127.597	410.607	0.642733
0.690709	127.566	410.402	0.642862
0.690809	127.51	410.176	0.642998
0.690909	127.555	410.002	0.643025
0.691009	127.616	409.819	0.643076
0.691109	127.631	409.593	0.643186
0.691209	127.67	409.412	0.643224
0.691309	127.505	409.15	0.643421
0.691409	127.429	408.945	0.643536
0.691509	127.331	408.74	0.643654
0.691609	127.414	408.589	0.643686
0.691709	127.498	408.408	0.643723
0.691709	127.498	408.408	0.643723
0.691809	127.535	408.186	0.643827
0.691909	127.702	408.023	0.643836
0.692009	127.658	407.773	0.643963
0.692108	127.739	407.61	0.643962
0.692108	127.739	407.609	0.643962
0.692209	127.728	407.407	0.644022
0.692309	127.672	407.18	0.644121
0.692408	127.617	406.967	0.644206
0.692509	127.58	406.76	0.644303
0.692609	127.555	406.549	0.644399
0.692709	127.648	406.396	0.644395
0.692809	127.675	406.216	0.644445
0.692909	127.595	405.981	0.644558
0.693009	127.441	405.743	0.644683
0.693109	127.416	405.58	0.644732
0.693209	127.427	405.432	0.644764
0.693309	127.503	405.314	0.644742
0.693409	127.429	405.115	0.644848
0.693509	127.344	404.905	0.64497
0.693609	127.323	404.683	0.645083
0.693709	127.425	404.521	0.645087
0.693809	127.431	404.334	0.645153
0.693909	127.487	404.161	0.645206
0.694009	127.619	403.995	0.645237
0.694109	127.612	403.771	0.645308
0.694109	127.611	403.771	0.645309
0.694209	127.65	403.605	0.645299
0.694309	127.606	403.424	0.645374
0.694409	127.605	403.272	0.645413
0.694509	127.526	403.085	0.645497
0.694609	127.506	402.919	0.645548
0.694709	127.493	402.745	0.645609
0.694809	127.454	402.551	0.645664
0.694909	127.406	402.363	0.645717
0.695009	127.336	402.157	0.645814
0.695109	127.258	401.953	0.645889
0.695209	127.336	401.819	0.645867
0.695309	127.302	401.633	0.64594
0.695409	127.218	401.439	0.646019
0.695509	127.209	401.277	0.64607
0.695609	127.175	401.088	0.646159
0.695708	127.227	400.908	0.646207
0.695809	127.395	400.76	0.646179
0.695909	127.327	400.524	0.646291
0.696009	127.31	400.359	0.646309
0.696109	127.289	400.213	0.646331
0.696209	127.239	400.034	0.646399
0.696309	127.195	399.844	0.64645
0.696409	127.115	399.638	0.646506
0.696509	127.101	399.473	0.64654
0.696609	127.133	399.328	0.64656
0.696709	127.168	399.177	0.646579
0.696809	127.153	399.004	0.646621
0.696909	127.102	398.834	0.646663
0.697009	127.136	398.689	0.646673
0.697109	127.1	398.49	0.646733
0.697209	127.168	398.337	0.646697
0.697309	127.201	398.174	0.646704
0.697409	127.176	397.99	0.646739
0.697509	127.163	397.817	0.646751
0.697609	127.193	397.667	0.646774
0.697709	127.443	397.59	0.646689
0.697809	127.418	397.391	0.646765
0.697909	127.396	397.199	0.6468
0.698009	127.44	397.034	0.646798
0.698109	127.467	396.863	0.646798
0.698209	127.504	396.707	0.646772
0.698309	127.563	396.562	0.646764
0.698409	127.598	396.38	0.646797
0.698509	127.674	396.216	0.646788
0.698609	127.784	396.078	0.646753
0.698709	127.867	395.942	0.646723
0.698809	127.94	395.805	0.646702
0.698909	127.919	395.643	0.646726
0.699009	127.974	395.51	0.646704
0.699109	127.887	395.344	0.646738
0.699209	127.833	395.187	0.646778
0.699309	127.717	395.005	0.646841
0.699409	127.455	394.778	0.646968
0.699509	127.532	394.658	0.646937
0.699609	127.606	394.539	0.64691
0.699709	127.398	394.33	0.647028
0.699809	127.339	394.174	0.647058
0.699909	127.349	394.048	0.64705
0.700009	127.289	393.892	0.647097
0.700109	127.155	393.697	0.647176
0.700209	127.113	393.527	0.6472
0.700309	127.168	393.356	0.647202
0.700409	127.281	393.212	0.647135
0.700509	127.271	393.044	0.647133
0.700609	127.282	392.882	0.647132
0.700709	127.359	392.732	0.647087
0.700809	127.374	392.557	0.647051
0.700909	127.45	392.396	0.646987
0.701009	127.506	392.222	0.646971
0.701109	127.62	392.062	0.646958
0.701209	127.842	391.95	0.646895
0.701309	127.949	391.83	0.646852
0.701409	127.981	391.706	0.646827
0.701509	127.973	391.564	0.646832
0.701609	127.903	391.4	0.646846
0.701709	127.853	391.248	0.646826
0.701809	127.926	391.125	0.646778
0.701909	127.921	390.973	0.646778
0.702009	127.953	390.844	0.646737
0.702109	127.996	390.711	0.646696
0.702209	128.145	390.619	0.646598
0.702309	128.092	390.466	0.646619
0.702409	128.131	390.33	0.646594
0.702509	128.066	390.176	0.646586
0.702609	127.936	390.034	0.646586
0.702709	127.854	389.913	0.646591
0.702809	127.822	389.8	0.646586
0.702909	127.803	389.674	0.646578
0.703009	127.803	389.537	0.646582
0.703109	127.941	389.421	0.646538
0.703209	128.118	389.298	0.646475
0.703309	128.279	389.157	0.646421
0.703409	128.411	389.013	0.646352
0.703509	128.568	388.888	0.646249
0.703609	128.714	388.774	0.646136
0.703709	128.607	388.629	0.646125
0.703809	128.49	388.52	0.646119
0.703909	128.375	388.416	0.646139
0.704009	128.312	388.304	0.646162
0.704109	128.262	388.175	0.646163
0.704209	128.21	388.025	0.646144
0.704309	128.336	387.908	0.646046
0.704409	128.295	387.753	0.646026
0.704509	128.368	387.655	0.64594
0.704608	128.278	387.521	0.645925
0.704609	128.293	387.525	0.645918
0.704709	128.131	387.366	0.645955
0.704809	128.09	387.236	0.64594
0.704909	128.025	387.097	0.645926
0.705009	128.089	386.991	0.645866
0.705109	128.178	386.883	0.645805
0.705209	128.279	386.763	0.645741
0.705309	128.279	386.619	0.645699
0.705409	128.188	386.464	0.64568
0.705509	128.15	386.323	0.645633
0.705609	128.194	386.212	0.645543
0.705709	128.143	386.09	0.645508
0.705809	128.13	385.978	0.645468
0.705909	128.17	385.867	0.64542
0.706009	128.15	385.723	0.645385
0.706109	128.193	385.584	0.645304
0.706209	128.35	385.484	0.645172
0.706309	128.365	385.353	0.645105
0.706409	128.447	385.24	0.645017
0.706509	128.412	385.116	0.644968
0.706609	128.307	384.993	0.644948
0.706709	128.304	384.886	0.644912
0.706809	128.319	384.772	0.644866
0.706909	128.268	384.641	0.644831
0.707009	128.371	384.546	0.644733
0.707109	128.394	384.431	0.644665
0.707209	128.521	384.332	0.644578
0.707309	128.673	384.225	0.644489
0.707409	128.848	384.125	0.644379
0.707509	128.938	384.005	0.644295
0.707609	128.947	383.881	0.644205
0.707709	128.975	383.772	0.64412
0.707809	128.835	383.628	0.644121
0.707909	128.846	383.528	0.644049
0.708009	128.759	383.409	0.644012
0.708109	128.751	383.31	0.643967
0.708209	128.776	383.201	0.643924
0.708309	128.801	383.088	0.643856
0.708409	128.846	382.968	0.643791
0.708509	128.875	382.842	0.643717
0.708609	128.93	382.734	0.643618
0.708709	128.996	382.624	0.643527
0.708809	129.009	382.493	0.643453
0.708909	129.048	382.369	0.643371
0.709009	129.054	382.243	0.643311
0.709109	129.145	382.152	0.643226
0.709208	129.217	382.078	0.643132
0.709309	129.152	381.975	0.643115
0.709409	129.023	381.833	0.643142
0.709509	129.084	381.721	0.643069
0.709609	129.254	381.619	0.642971
0.709709	129.285	381.469	0.642902
0.7098	129.58	381.387	0.64271
0.709821	129.603	381.361	0.642678
0.709924	129.551	381.203	0.64257
0.710009	129.254	381.028	0.64258
0.710109	129.262	380.913	0.642482
0.710209	129.388	380.825	0.642323
0.710309	129.412	380.714	0.64222
0.710409	129.476	380.618	0.642102
0.710509	129.508	380.511	0.642001
0.710609	129.51	380.409	0.641905
0.710709	129.431	380.302	0.64184
0.710809	129.302	380.186	0.641815
0.710909	129.349	380.109	0.641727
0.711009	129.31	380.02	0.641663
0.711109	129.291	379.912	0.64161
0.711209	129.438	379.802	0.641489
0.711309	129.587	379.69	0.641351
0.711409	129.725	379.584	0.641236
0.711509	129.845	379.477	0.641126
0.711609	129.876	379.378	0.641018
0.711709	129.85	379.292	0.640927
0.711809	129.815	379.212	0.640856
0.711909	129.816	379.129	0.6408
0.712009	129.915	379.057	0.640708
0.712109	129.704	378.934	0.6407
0.712209	129.631	378.846	0.640651
0.712309	129.562	378.747	0.640591
0.712408	129.58	378.671	0.640489
0.712509	129.418	378.568	0.64047
0.712609	129.297	378.468	0.640454
0.712709	129.362	378.385	0.640365
0.712809	129.396	378.28	0.640274
0.712909	129.44	378.167	0.640171
0.713009	129.444	378.059	0.64005
0.713109	129.537	377.977	0.639922
0.713209	129.53	377.866	0.639823
0.713309	129.711	377.777	0.639666
0.713409	129.667	377.645	0.639578
0.713509	129.749	377.544	0.639436
0.713609	129.767	377.431	0.639316
0.713709	129.858	377.352	0.639166
0.713809	129.733	377.25	0.639085
0.713909	129.693	377.147	0.638998
0.714009	129.799	377.042	0.638897
0.714109	129.843	376.931	0.638787
0.714209	129.923	376.84	0.638649
0.714309	129.939	376.747	0.638527
0.714409	129.988	376.665	0.638416
0.714509	130.002	376.563	0.638336
0.714609	130.15	376.466	0.638202
0.714709	130.245	376.355	0.638067
0.714809	130.37	376.252	0.637931
0.714909	130.582	376.181	0.63775
0.715009	130.634	376.092	0.637617
0.715109	130.543	375.99	0.637523
0.715209	130.588	375.927	0.637396
0.715309	130.484	375.848	0.637335
0.715409	130.42	375.772	0.637272
0.715509	130.213	375.668	0.637237
0.715609	130.262	375.606	0.637124
0.715709	130.328	375.528	0.63701
0.715809	130.266	375.425	0.636898
0.715909	130.26	375.346	0.636777
0.716009	130.236	375.259	0.636687
0.716109	130.245	375.174	0.636573
0.716209	130.266	375.092	0.636451
0.716309	130.244	374.995	0.63635
0.716409	130.405	374.926	0.6362
0.716509	130.5	374.844	0.636056
0.716609	130.499	374.744	0.635909
0.716709	130.438	374.652	0.635782
0.716809	130.483	374.593	0.635661
0.716909	130.395	374.504	0.635593
0.717009	130.476	374.428	0.63547
0.717109	130.586	374.341	0.63535
0.717209	130.705	374.25	0.63521
0.717309	130.767	374.15	0.635068
0.717409	130.786	374.048	0.634932
0.717508	130.934	373.974	0.634753
0.717609	130.943	373.887	0.634608
0.717709	130.875	373.789	0.63449
0.717809	130.923	373.716	0.634334
0.717909	130.786	373.624	0.634237
0.718009	130.795	373.553	0.634131
0.718109	130.592	373.452	0.634068
0.718209	130.507	373.381	0.63398
0.718308	130.583	373.323	0.633878
0.718409	130.577	373.244	0.633773
0.718509	130.517	373.152	0.63367
0.718609	130.491	373.068	0.633535
0.718709	130.55	372.993	0.633376
0.718809	130.551	372.902	0.63326
0.718909	130.76	372.823	0.633119
0.719009	130.884	372.726	0.632964
0.719109	130.977	372.637	0.632799
0.719209	130.979	372.539	0.632638
0.719308	131.09	372.462	0.632444
0.719409	131.284	372.385	0.632294
0.719509	131.425	372.297	0.632136
0.719609	131.422	372.19	0.631966
0.719708	131.617	372.105	0.631745
0.719809	131.654	371.992	0.631587
0.719909	131.916	371.914	0.631373
0.720008	132.179	371.846	0.631167
0.720109	132.226	371.759	0.630998
0.720209	132.171	371.672	0.630823
0.720309	132.12	371.605	0.630689
0.720408	132.164	371.556	0.630563
0.720509	131.954	371.476	0.63051
0.720609	131.951	371.413	0.630422
0.720709	131.939	371.339	0.630298
0.720809	132.012	371.277	0.630149
0.720909	132.019	371.197	0.630003
0.721009	132.088	371.116	0.629852
0.721109	132.265	371.039	0.629702
0.721209	132.347	370.959	0.629531
0.721309	132.335	370.882	0.629368
0.721409	132.455	370.822	0.629209
0.721509	132.333	370.738	0.629083
0.721609	132.319	370.673	0.628936
0.721709	132.341	370.609	0.628779
0.721809	132.422	370.545	0.62862
0.721909	132.49	370.477	0.628464
0.722009	132.534	370.417	0.62831
0.722109	132.503	370.352	0.628193
0.722209	132.538	370.278	0.628063
0.722309	132.455	370.193	0.627917
0.722409	132.427	370.119	0.627741
0.722509	132.387	370.04	0.627583
0.722609	132.54	369.978	0.627391
0.722709	132.438	369.889	0.627239
0.722809	132.581	369.83	0.627076
0.722909	132.607	369.749	0.626946
0.723009	132.649	369.674	0.626788
0.723109	132.616	369.597	0.626637
0.723209	132.652	369.527	0.626474
0.723309	132.632	369.452	0.626306
0.723409	132.678	369.381	0.626132
0.723509	132.726	369.309	0.625964
0.723609	132.778	369.253	0.625799
0.723709	132.677	369.188	0.625665
0.723809	132.61	369.136	0.625545
0.723908	132.59	369.084	0.62544
0.723908	132.581	369.083	0.625442
0.724009	132.53	369.023	0.625315
0.724109	132.314	368.94	0.625219
0.724209	132.389	368.881	0.625055
0.724309	132.386	368.816	0.624881
0.724409	132.436	368.744	0.624725
0.724509	132.484	368.665	0.624557
0.724609	132.5	368.583	0.624388
0.724708	132.646	368.508	0.624196
0.724809	132.656	368.42	0.624001
0.724909	132.658	368.343	0.623808
0.725009	132.735	368.292	0.623621
0.725009	132.735	368.292	0.623621
0.725109	132.53	368.215	0.623525
0.725209	132.568	368.161	0.623385
0.725309	132.701	368.106	0.62322
0.725409	132.68	368.025	0.623085
0.725509	132.822	367.961	0.622901
0.725609	132.806	367.888	0.622737
0.725709	132.811	367.824	0.622546
0.725809	132.867	367.757	0.622357
0.725909	132.866	367.674	0.622176
0.726009	133.022	367.616	0.62197
0.726109	133.091	367.542	0.621798
0.726209	133.307	367.47	0.621575
0.726309	133.465	367.393	0.621365
0.726409	133.525	367.314	0.621159
0.726509	133.636	367.25	0.620945
0.726609	133.797	367.187	0.620774
0.726709	133.837	367.111	0.620601
0.726809	133.847	367.043	0.620403
0.726909	133.936	366.963	0.62023
0.727009	134.182	366.889	0.620017
0.727109	134.392	366.828	0.619801
0.727209	134.449	366.757	0.619619
0.727309	134.582	366.699	0.619403
0.727409	134.775	366.645	0.619212
0.727509	134.925	366.581	0.61903
0.727609	135.004	366.518	0.618818
0.727709	134.999	366.445	0.618641
0.727809	135.139	366.379	0.61844
0.727909	135.199	366.312	0.618235
0.728008	135.455	366.252	0.618028
0.728109	135.508	366.179	0.617829
0.728209	135.428	366.112	0.617631
0.728309	135.425	366.055	0.617426
0.728409	135.354	365.998	0.617241
0.728509	135.281	365.951	0.617076
0.728609	135.312	365.908	0.616928
0.728709	135.315	365.851	0.616772
0.728809	135.292	365.796	0.616597
0.728909	135.255	365.74	0.616434
0.729009	135.195	365.68	0.616262
0.729109	135.195	365.623	0.616085
0.729209	135.188	365.564	0.615914
0.729309	135.018	365.503	0.615761
0.729409	134.888	365.45	0.615639
0.729509	134.862	365.397	0.615483
0.729609	134.899	365.342	0.615312
0.729709	135.008	365.293	0.615136
0.729809	135.025	365.231	0.614952
0.729909	135.08	365.169	0.614758
0.730009	135.169	365.109	0.614564
0.730109	135.221	365.044	0.614361
0.730208	135.342	364.984	0.614133
0.730309	135.453	364.917	0.613907
0.730409	135.518	364.847	0.613689
0.730509	135.751	364.779	0.613467
0.730609	135.778	364.7	0.613235
0.730709	135.837	364.643	0.612979
0.730809	135.985	364.595	0.612755
0.730909	136.038	364.548	0.61257
0.731009	135.91	364.494	0.612415
0.731109	135.985	364.447	0.612236
0.731209	136.004	364.386	0.612063
0.731309	136.105	364.322	0.611853
0.731409	136.232	364.263	0.611619
0.731509	136.241	364.201	0.611394
0.731609	136.255	364.147	0.611187
0.731709	136.236	364.095	0.611005
0.731809	136.247	364.045	0.610825
0.731909	136.142	363.989	0.610657
0.732009	136.17	363.944	0.610465
0.732109	136.062	363.886	0.610306
0.732209	136.196	363.84	0.610115
0.732309	136.234	363.782	0.609916
0.732309	136.234	363.782	0.609916
0.732409	136.348	363.718	0.609715
0.732509	136.588	363.662	0.609494
0.732609	136.556	363.593	0.609281
0.732709	136.691	363.533	0.609047
0.732809	136.696	363.469	0.608828
0.732909	136.723	363.407	0.6086
0.733009	136.893	363.351	0.608352
0.733109	137.078	363.287	0.608141
0.733209	137.121	363.211	0.607933
0.733309	137.314	363.15	0.607672
0.733409	137.339	363.092	0.607431
0.733509	137.413	363.039	0.607209
0.733609	137.464	362.98	0.60701
0.733709	137.48	362.916	0.606804
0.733809	137.531	362.857	0.606572
0.733909	137.606	362.807	0.606368
0.734009	137.483	362.753	0.606188
0.734109	137.512	362.712	0.606
0.734209	137.459	362.663	0.605829
0.734309	137.538	362.616	0.605617
0.734409	137.604	362.57	0.605413
0.734509	137.629	362.523	0.605213
0.734609	137.712	362.48	0.605008
0.734709	137.749	362.431	0.604814
0.734809	137.854	362.385	0.604605
0.734909	137.806	362.331	0.60442
0.735009	137.949	362.284	0.604212
0.735109	137.951	362.231	0.603986
0.735209	138.089	362.182	0.603747
0.735309	138.082	362.129	0.603521
0.735409	138.168	362.072	0.603302
0.735509	138.324	362.012	0.603071
0.735609	138.381	361.963	0.602847
0.735709	138.542	361.918	0.602651
0.735809	138.621	361.865	0.602445
0.735909	138.765	361.813	0.602218
0.73601	138.665	361.75	0.60197
0.736109	138.859	361.696	0.601702
0.736209	138.916	361.636	0.601488
0.736309	139.045	361.581	0.601257
0.736409	139.028	361.523	0.600998
0.736509	139.12	361.473	0.600728
0.736609	139.335	361.415	0.600483
0.736709	139.412	361.352	0.60024
0.736809	139.463	361.297	0.599986
0.736909	139.667	361.242	0.59974
0.737009	139.758	361.186	0.599478
0.737109	139.66	361.135	0.599232
0.737209	139.794	361.097	0.599014
0.737309	139.819	361.058	0.598808
0.737409	139.703	361.019	0.598616
0.737509	139.756	360.989	0.598432
0.737609	139.676	360.945	0.598239
0.737709	139.708	360.892	0.598023
0.737809	139.923	360.841	0.597782
0.737909	139.977	360.784	0.597553
0.738009	139.969	360.735	0.597325
0.738109	139.919	360.692	0.597092
0.738209	139.939	360.653	0.596882
0.738309	139.994	360.618	0.596677
0.738409	140.031	360.57	0.596482
0.738509	140.224	360.511	0.59625
0.738609	140.362	360.454	0.595972
0.738709	140.586	360.404	0.595712
0.738809	140.667	360.349	0.595482
0.738909	140.819	360.296	0.59523
0.739009	140.85	360.251	0.594988
0.739109	140.794	360.218	0.59477
0.739209	140.683	360.191	0.594591
0.739309	140.603	360.165	0.594429
0.739409	140.513	360.134	0.594267
0.739508	140.532	360.098	0.594061
0.739609	140.396	360.053	0.593827
0.739709	140.519	360.003	0.593563
0.739809	140.536	359.948	0.593298
0.739909	140.703	359.893	0.593037
0.740009	140.798	359.832	0.592783
0.740109	140.87	359.785	0.592538
0.740209	140.945	359.752	0.592326
0.740309	140.858	359.718	0.59214
0.740409	140.87	359.687	0.591951
0.740509	140.673	359.653	0.591754
0.740609	140.649	359.62	0.59156
0.740709	140.805	359.579	0.591356
0.740809	140.853	359.53	0.591118
0.740909	140.935	359.471	0.590862
0.741009	141.184	359.412	0.590579
0.741109	141.32	359.355	0.590311
0.741209	141.459	359.307	0.590028
0.741309	141.328	359.252	0.589759
0.741409	141.643	359.191	0.589471
0.741509	141.817	359.129	0.589158
0.741609	141.991	359.075	0.588857
0.741709	142.029	359.028	0.588587
0.741809	141.885	358.983	0.588344
0.741909	142.072	358.948	0.588093
0.742009	142.012	358.916	0.587875
0.742109	142.121	358.884	0.587669
0.742209	142.074	358.845	0.587445
0.742309	142.202	358.809	0.587212
0.742409	142.226	358.763	0.58699
0.742509	142.318	358.699	0.586728
0.742609	142.629	358.627	0.586417
0.742708	142.998	358.553	0.586071
0.742809	143.245	358.485	0.585718
0.742909	143.394	358.431	0.585418
0.743008	143.6	358.386	0.585155
0.743109	143.59	358.349	0.584904
0.743209	143.619	358.313	0.584664
0.743309	143.588	358.276	0.584399
0.743409	143.544	358.24	0.58416
0.743509	143.573	358.198	0.583931
0.743609	143.699	358.153	0.583693
0.743709	143.687	358.105	0.583453
0.743809	143.792	358.061	0.583203
0.743909	143.919	358.025	0.582962
0.744009	143.859	357.995	0.582735
0.744109	143.872	357.962	0.582515
0.744209	143.876	357.932	0.582282
0.744309	143.899	357.901	0.582057
0.744409	143.976	357.863	0.581806
0.744509	143.783	357.831	0.581547
0.744609	143.888	357.799	0.581308
0.744709	143.899	357.76	0.581045
0.744809	143.914	357.712	0.580755
0.744909	144.083	357.663	0.580473
0.745009	144.145	357.614	0.580194
0.745109	144.124	357.574	0.579928
0.745209	144.297	357.542	0.579689
0.745309	144.286	357.506	0.579459
0.745409	144.302	357.471	0.579209
0.745509	144.263	357.433	0.578948
0.745609	144.334	357.396	0.578698
0.745709	144.314	357.364	0.578479
0.745809	144.195	357.333	0.578252
0.745909	144.17	357.303	0.578018
0.746008	144.257	357.263	0.577783
0.746109	144.326	357.216	0.577519
0.746209	144.409	357.178	0.577263
0.746309	144.449	357.144	0.577034
0.746409	144.406	357.114	0.576812
0.746509	144.357	357.087	0.576603
0.746609	144.144	357.056	0.57639
0.746709	144.194	357.02	0.57617
0.746809	144.116	356.981	0.575911
0.746909	144.298	356.939	0.57564
0.747009	144.479	356.884	0.575397
0.747109	144.759	356.824	0.575121
0.747209	144.842	356.777	0.574814
0.747309	144.895	356.735	0.574524
0.747409	145.008	356.694	0.574249
0.747509	145.196	356.648	0.573994
0.747609	145.288	356.599	0.57372
0.747709	145.425	356.547	0.573427
0.747809	145.629	356.497	0.573134
0.747907	145.701	356.455	0.572845
0.747909	145.699	356.454	0.572839
0.748009	145.795	356.412	0.572537
0.748109	145.761	356.373	0.572214
0.748209	145.888	356.336	0.571911
0.748309	145.886	356.3	0.571628
0.748408	145.996	356.262	0.571347
0.748509	146.082	356.222	0.571079
0.748609	146.128	356.181	0.57083
0.748708	146.328	356.137	0.570578
0.748809	146.29	356.102	0.570319
0.748909	146.307	356.065	0.57005
0.749009	146.446	356.018	0.569757
0.749109	146.582	355.966	0.569477
0.749209	146.804	355.913	0.569195
0.749309	146.913	355.867	0.5689
0.749409	146.991	355.824	0.568607
0.749509	147.061	355.784	0.568324
0.749609	147.217	355.741	0.568052
0.749709	147.3	355.702	0.567789
0.749809	147.397	355.669	0.567533
0.749909	147.341	355.638	0.567275
0.750009	147.399	355.603	0.567015
0.750109	147.37	355.566	0.56675
0.750209	147.458	355.53	0.56649
0.750307	147.552	355.5	0.566247
0.750308	147.589	355.499	0.566246
0.750409	147.592	355.471	0.566005
0.750509	147.715	355.436	0.565763
0.750609	147.628	355.405	0.565495
0.750709	147.605	355.368	0.565205
0.750809	147.892	355.32	0.564918
0.750909	147.794	355.283	0.564625
0.751009	147.925	355.246	0.564351
0.751109	148.018	355.209	0.564081
0.751209	148.027	355.172	0.563794
0.751309	148.028	355.14	0.563501
0.751409	148.022	355.111	0.563233
0.751509	148.007	355.073	0.562946
0.751609	148.175	355.028	0.562642
0.751709	148.435	354.973	0.562359
0.751809	148.66	354.914	0.562055
0.751909	148.829	354.857	0.561697
0.752009	149.054	354.801	0.561341
0.752109	149.198	354.753	0.561013
0.752209	149.407	354.706	0.560701
0.752309	149.514	354.665	0.5604
0.752409	149.544	354.631	0.560137
0.752509	149.699	354.596	0.559886
0.752609	149.721	354.571	0.559629
0.752709	149.755	354.549	0.559397
0.752809	149.896	354.515	0.559168
0.752909	149.926	354.479	0.558873
0.753009	149.997	354.447	0.558546
0.753109	150.078	354.415	0.558242
0.753209	150.138	354.382	0.55795
0.753309	149.955	354.36	0.557636
0.753409	149.917	354.339	0.557358
0.753509	149.979	354.312	0.557082
0.753609	150.023	354.278	0.556834
0.753709	150.037	354.241	0.556574
0.753809	150.016	354.21	0.556264
0.753909	149.989	354.186	0.555969
0.754009	149.937	354.162	0.555691
0.754109	150.077	354.128	0.55543
0.754209	150.124	354.09	0.555134
0.754309	150.343	354.04	0.554814
0.754409	150.49	353.989	0.554489
0.754509	150.73	353.936	0.554161
0.754609	150.665	353.903	0.553815
0.754709	150.605	353.878	0.553539
0.754809	150.788	353.843	0.553279
0.754909	150.785	353.813	0.552993
0.755009	150.647	353.789	0.552693
0.755109	150.574	353.766	0.552416
0.755209	150.611	353.738	0.552157
0.755309	150.741	353.7	0.551872
0.755409	150.799	353.657	0.551552
0.755509	151.092	353.603	0.551246
0.755609	151.219	353.552	0.550925
0.755708	151.441	353.5	0.550579
0.755809	151.501	353.457	0.550222
0.755909	151.683	353.41	0.549902
0.756009	151.829	353.361	0.549565
0.756109	152.17	353.303	0.549221
0.756209	152.33	353.256	0.548883
0.756209	152.33	353.256	0.548883
0.756309	152.319	353.226	0.548563
0.756409	152.358	353.201	0.548299
0.756509	152.5	353.172	0.548056
0.756609	152.641	353.141	0.547796
0.756709	152.697	353.11	0.547511
0.756809	152.756	353.08	0.547194
0.756909	152.79	353.057	0.546911
0.757009	152.81	353.029	0.546661
0.757109	152.974	352.987	0.546374
0.757209	152.948	352.957	0.546044
0.757309	153.313	352.91	0.545773
0.757409	153.44	352.87	0.545472
0.757509	153.589	352.832	0.545154
0.757609	153.733	352.801	0.544867
0.757709	153.91	352.771	0.544599
0.757809	154.044	352.735	0.544306
0.757909	154.156	352.697	0.543958
0.758009	154.158	352.669	0.543588
0.758109	154.276	352.635	0.543253
0.758209	154.378	352.601	0.542934
0.758309	154.525	352.558	0.542615
0.758409	154.844	352.504	0.542283
0.758509	154.779	352.473	0.541915
0.758609	155.119	352.418	0.541582
0.758709	155.237	352.372	0.54122
0.758808	155.361	352.336	0.54086
0.758909	155.252	352.321	0.540516
0.759009	155.237	352.302	0.540222
0.759109	155.19	352.283	0.539922
0.759209	155.175	352.261	0.539629
0.759309	155.126	352.239	0.539337
0.759409	155.125	352.215	0.539046
0.759509	155.124	352.184	0.538728
0.759609	155.298	352.143	0.53839
0.759709	155.381	352.113	0.538077
0.759809	155.399	352.088	0.537781
0.759909	155.491	352.054	0.537474
0.760009	155.648	352.012	0.537165
0.760109	155.727	351.976	0.536827
0.760209	155.745	351.951	0.536487
0.760309	155.772	351.926	0.536177
0.760409	155.905	351.891	0.535856
0.760509	155.934	351.859	0.535498
0.760609	156.174	351.818	0.535172
0.760709	156.051	351.8	0.534846
0.760809	156.004	351.78	0.534541
0.760909	156.117	351.748	0.534243
0.761009	156.179	351.714	0.533927
0.761109	156.244	351.679	0.533594
0.761209	156.37	351.64	0.533261
0.761309	156.687	351.586	0.532958
0.761409	157.055	351.529	0.532672
0.761509	156.983	351.505	0.532335
0.761609	156.944	351.486	0.532028
0.761709	156.972	351.461	0.531736
0.761809	157.014	351.433	0.531419
0.761909	157.135	351.395	0.531111
0.762009	157.37	351.346	0.530767
0.762109	157.515	351.305	0.530409
0.762209	157.607	351.275	0.530104
0.762309	157.615	351.253	0.529807
0.762409	157.635	351.225	0.529476
0.762508	157.696	351.19	0.529137
0.762609	158.026	351.133	0.528813
0.762709	158.199	351.092	0.528445
0.762809	158.201	351.074	0.528105
0.762909	158.095	351.068	0.527812
0.763009	158.013	351.065	0.527544
0.763109	157.948	351.058	0.527297
0.763209	157.919	351.041	0.527011
0.763309	158.052	351.012	0.526697
0.763409	158.031	350.986	0.526348
0.763509	158.208	350.938	0.525988
0.763609	158.434	350.887	0.525624
0.763709	158.738	350.826	0.525271
0.763809	159.083	350.761	0.524916
0.763909	159.35	350.703	0.524541
0.764009	159.512	350.661	0.524147
0.764109	159.521	350.636	0.523751
0.764209	159.591	350.613	0.52341
0.764309	159.56	350.6	0.523085
0.764409	159.542	350.588	0.522782
0.764509	159.41	350.584	0.522474
0.764609	159.271	350.582	0.522191
0.764709	159.28	350.563	0.521934
0.764709	159.28	350.563	0.521934
0.764809	159.325	350.535	0.52162
0.764909	159.344	350.505	0.521241
0.765009	159.491	350.465	0.520903
0.765109	159.755	350.414	0.52059
0.765209	160.052	350.358	0.520249
0.765309	160.338	350.306	0.519894
0.765409	160.613	350.255	0.519561
0.765508	160.929	350.203	0.519217
0.765609	160.991	350.172	0.518835
0.765709	161.112	350.142	0.518463
0.765809	161.237	350.112	0.518115
0.765909	161.267	350.088	0.517762
0.766009	161.473	350.049	0.517436
0.766109	161.479	350.028	0.517097
0.766209	161.455	350.016	0.516779
0.766309	161.447	350.003	0.516472
0.766409	161.565	349.976	0.51617
0.76651	161.448	349.962	0.515807
0.766609	161.6	349.931	0.515436
0.766709	161.683	349.903	0.515059
0.766809	161.792	349.871	0.514715
0.766909	161.806	349.841	0.514371
0.767009	161.96	349.799	0.514017
0.767109	161.957	349.773	0.513604
0.767209	161.973	349.752	0.513226
0.767309	161.983	349.732	0.512881
0.767409	161.915	349.72	0.512549
0.767509	161.871	349.708	0.512251
0.767609	161.932	349.68	0.511952
0.767709	162.15	349.629	0.511619
0.767809	162.412	349.574	0.511224
0.767909	162.652	349.522	0.510829
0.768009	162.846	349.474	0.510441
0.768109	163.122	349.42	0.510059
0.768209	163.304	349.378	0.509684
0.768309	163.48	349.341	0.509343
0.768409	163.409	349.329	0.508975
0.768509	163.445	349.313	0.508655
0.768609	163.417	349.302	0.508353
0.768709	163.452	349.28	0.508056
0.768809	163.692	349.234	0.507762
0.768909	163.901	349.187	0.507417
0.769009	164.069	349.146	0.507027
0.769109	164.292	349.101	0.506636
0.769209	164.441	349.066	0.506261
0.769309	164.455	349.041	0.505868
0.769409	164.529	349.015	0.505472
0.769509	164.635	348.994	0.505134
0.769609	164.503	348.99	0.504806
0.769709	164.567	348.962	0.504448
0.769809	164.809	348.91	0.504063
0.769909	165.06	348.859	0.503673
0.770009	165.176	348.824	0.503266
0.770109	165.297	348.786	0.502864
0.770209	165.424	348.747	0.502459
0.770309	165.619	348.703	0.50209
0.770409	165.869	348.653	0.501713
0.770509	166.09	348.606	0.501311
0.770609	166.471	348.544	0.500932
0.770709	166.674	348.495	0.500491
0.770809	166.892	348.448	0.500042
0.770909	167.109	348.404	0.499647
0.771009	167.276	348.368	0.499292
0.771109	167.263	348.353	0.498948
0.771209	167.34	348.332	0.498632
0.771309	167.365	348.314	0.498294
0.771409	167.325	348.303	0.497941
0.771509	167.305	348.291	0.497597
0.771609	167.519	348.256	0.497284
0.771709	167.581	348.23	0.496933
0.771809	167.807	348.187	0.4966
0.771909	167.884	348.157	0.496219
0.772009	167.996	348.129	0.495826
0.772109	167.99	348.112	0.495475
0.772209	168.254	348.07	0.495175
0.772309	168.279	348.052	0.494811
0.772409	168.397	348.024	0.494447
0.772509	168.517	347.992	0.494061
0.772609	168.601	347.965	0.493652
0.772709	168.647	347.94	0.49324
0.772809	168.774	347.906	0.492852
0.772909	168.968	347.865	0.492475
0.773009	169.209	347.816	0.492096
0.773109	169.462	347.763	0.4917
0.773209	169.657	347.719	0.491293
0.773309	169.89	347.674	0.490876
0.773409	169.958	347.645	0.490443
0.773509	170.195	347.605	0.490099
0.773609	170.168	347.587	0.489712
0.773709	170.357	347.553	0.48935
0.773808	170.559	347.515	0.489005
0.773909	170.554	347.496	0.488605
0.774009	170.527	347.483	0.488186
0.774109	170.543	347.466	0.487823
0.774209	170.706	347.432	0.487496
0.774309	170.737	347.41	0.487118
0.774409	170.997	347.362	0.486763
0.774509	171.282	347.305	0.486371
0.774609	171.484	347.26	0.485954
0.774709	171.655	347.221	0.485556
0.774809	171.881	347.174	0.485161
0.774909	172.107	347.127	0.484728
0.775009	172.236	347.092	0.484292
0.775109	172.361	347.06	0.483884
0.775209	172.449	347.037	0.483502
0.775309	172.422	347.032	0.483131
0.775409	172.445	347.02	0.482803
0.775509	172.561	346.993	0.482485
0.775609	172.781	346.949	0.482125
0.775709	173.087	346.889	0.48174
0.775809	173.343	346.832	0.48133
0.775909	173.635	346.777	0.480913
0.776009	173.939	346.728	0.480492
0.776109	174.047	346.703	0.480049
0.776209	174.083	346.691	0.479661
0.776309	173.901	346.704	0.479276
0.776409	173.791	346.709	0.478917
0.776509	173.75	346.709	0.478595
0.776609	173.7	346.706	0.478247
0.776709	173.77	346.681	0.477877
0.776809	174.045	346.63	0.477489
0.776909	174.305	346.576	0.477065
0.777009	174.614	346.517	0.476632
0.777109	174.862	346.467	0.476183
0.777209	175.086	346.422	0.475716
0.777309	175.357	346.371	0.47527
0.777409	175.539	346.332	0.474845
0.777509	175.717	346.294	0.474422
0.777609	175.79	346.272	0.473989
0.777709	175.857	346.251	0.473557
0.777809	176.04	346.217	0.473169
0.777909	176.207	346.186	0.472795
0.778009	176.396	346.153	0.472419
0.778109	176.462	346.127	0.472015
0.778209	176.711	346.077	0.471593
0.778309	176.968	346.028	0.471154
0.778409	177.294	345.968	0.470723
0.778509	177.598	345.909	0.47029
0.778609	177.762	345.871	0.469848
0.778709	177.768	345.857	0.469389
0.778809	177.843	345.84	0.469013
0.778909	177.939	345.82	0.468702
0.779009	177.908	345.812	0.468322
0.779109	177.948	345.797	0.467942
0.779209	178.089	345.768	0.467565
0.779309	178.129	345.749	0.467147
0.779409	178.341	345.707	0.466738
0.779509	178.555	345.661	0.466277
0.779609	179.02	345.582	0.465831
0.779709	179.31	345.522	0.465336
0.779809	179.57	345.472	0.464838
0.779909	179.781	345.43	0.464382
0.780009	179.964	345.392	0.463953
0.780109	180.15	345.355	0.463546
0.780209	180.346	345.316	0.463142
0.780309	180.572	345.269	0.462713
0.780409	180.888	345.209	0.462259
0.780509	181.178	345.155	0.461766
0.780609	181.373	345.113	0.46128
0.780709	181.622	345.066	0.460838
0.780809	181.768	345.035	0.460391
0.780909	181.782	345.026	0.459956
0.781009	181.808	345.021	0.459583
0.781109	181.799	345.017	0.459215
0.781209	181.859	345.006	0.458869
0.781309	181.88	344.997	0.458491
0.781409	181.997	344.973	0.458096
0.781509	182.147	344.942	0.45766
0.781609	182.261	344.912	0.457203
0.781709	182.429	344.876	0.456766
0.781809	182.381	344.868	0.456296
0.781909	182.331	344.864	0.455843
0.782009	182.31	344.859	0.455432
0.782109	182.233	344.861	0.455016
0.782209	182.142	344.866	0.454628
0.782309	182.211	344.852	0.454288
0.782409	182.228	344.838	0.453938
0.782509	182.398	344.8	0.453543
0.782609	182.682	344.742	0.453077
0.782709	183.081	344.666	0.452587
0.782809	183.462	344.593	0.452124
0.782909	183.891	344.519	0.451703
0.783009	184.143	344.47	0.451257
0.783109	184.578	344.396	0.450849
0.783209	184.781	344.35	0.450355
0.783309	184.866	344.324	0.449834
0.783409	184.913	344.309	0.44938
0.783509	185.051	344.283	0.448988
0.783609	185.323	344.239	0.448605
0.783709	185.504	344.206	0.448219
0.783809	185.625	344.182	0.447794
0.783909	185.75	344.156	0.44735
0.784009	185.985	344.113	0.446925
0.784109	186.345	344.05	0.446516
0.784209	186.743	343.98	0.446073
0.784309	186.905	343.943	0.445578
0.784409	187.149	343.896	0.445084
0.784509	187.349	343.854	0.444525
0.784609	187.509	343.818	0.443976
0.784709	187.708	343.777	0.443486
0.784809	187.953	343.73	0.443045
0.784909	188.171	343.689	0.4426
0.785009	188.125	343.686	0.442133
0.785109	188.241	343.665	0.441735
0.785209	188.239	343.655	0.441325
0.785309	188.424	343.619	0.440912
0.785409	188.469	343.602	0.440469
0.785509	188.512	343.588	0.44005
0.785609	188.667	343.56	0.43965
0.785709	188.891	343.521	0.439257
0.785809	189.091	343.48	0.438826
0.785909	189.258	343.438	0.438309
0.786009	189.518	343.388	0.437786
0.786109	189.792	343.338	0.437326
0.786209	189.919	343.309	0.436854
0.786309	189.942	343.297	0.436345
0.786409	189.974	343.285	0.435876
0.786509	190.099	343.257	0.435433
0.786609	190.236	343.226	0.434962
0.786709	190.42	343.186	0.434492
0.786809	190.768	343.12	0.43404
0.786909	191.136	343.048	0.433522
0.787009	191.586	342.964	0.43299
0.787109	191.986	342.888	0.432489
0.787209	192.336	342.823	0.432008
0.787309	192.731	342.752	0.431548
0.787409	192.926	342.714	0.431069
0.787509	192.942	342.708	0.430614
0.787609	192.906	342.708	0.430196
0.787709	193.014	342.685	0.429786
0.787809	193.218	342.647	0.429363
0.787909	193.49	342.599	0.42891
0.788009	193.777	342.546	0.428455
0.788109	194.145	342.478	0.427981
0.788209	194.463	342.42	0.427415
0.788309	194.793	342.359	0.426896
0.788409	195.235	342.277	0.426415
0.788509	195.58	342.207	0.425847
0.788609	195.906	342.148	0.425268
0.788709	196.131	342.105	0.424739
0.788809	196.346	342.062	0.424189
0.788909	196.502	342.026	0.423628
0.789009	196.823	341.97	0.423168
0.789109	197.043	341.929	0.422711
0.789209	197.365	341.872	0.422274
0.789309	197.656	341.817	0.421808
0.789409	197.928	341.764	0.421312
0.789509	198.254	341.706	0.420834
0.789509	198.254	341.706	0.420834
0.789609	198.447	341.667	0.420315
0.789709	198.599	341.634	0.419761
0.789809	198.801	341.59	0.419202
0.789909	199.071	341.542	0.418704
0.790009	199.164	341.522	0.418221
0.790109	199.257	341.497	0.417686
0.790209	199.801	341.401	0.417199
0.790309	200.199	341.327	0.416663
0.790409	200.493	341.274	0.416112
0.790509	200.761	341.23	0.415643
0.790609	200.688	341.24	0.415152
0.790709	200.854	341.214	0.414725
0.790809	200.927	341.201	0.414277
0.790909	201.108	341.169	0.413824
0.791009	201.403	341.115	0.413336
0.791109	201.803	341.045	0.412828
0.791209	201.967	341.013	0.412296
0.791309	202.069	340.992	0.41177
0.791409	202.168	340.973	0.41129
0.791509	202.301	340.951	0.41084
0.791609	202.493	340.916	0.410367
0.791709	202.853	340.852	0.409888
0.791809	203.334	340.765	0.409399
0.791909	203.794	340.678	0.40884
0.792009	204.225	340.6	0.408253
0.792109	204.447	340.556	0.407627
0.792209	204.757	340.499	0.407059
0.792309	205.036	340.448	0.406523
0.792409	205.185	340.422	0.405994
0.792509	205.356	340.394	0.405529
0.792609	205.549	340.358	0.405065
0.792709	205.718	340.324	0.404538
0.792809	205.886	340.289	0.40397
0.792909	206.127	340.24	0.403426
0.793009	206.27	340.203	0.40283
0.793109	206.575	340.141	0.402232
0.793209	207.006	340.061	0.401704
0.793309	207.292	340.002	0.401179
0.793409	207.632	339.939	0.400619
0.793509	208.003	339.872	0.400091
0.793609	208.334	339.811	0.399591
0.793709	208.572	339.766	0.399064
0.793809	208.684	339.74	0.398506
0.793909	208.896	339.699	0.397974
0.794009	209.301	339.629	0.397469
0.794109	209.474	339.594	0.396936
0.794209	209.657	339.561	0.396424
0.794309	209.79	339.534	0.395886
0.794409	210.053	339.486	0.395353
0.794509	210.335	339.434	0.394813
0.794609	210.537	339.391	0.394232
0.794709	210.841	339.327	0.39362
0.794809	211.405	339.221	0.393077
0.794909	211.836	339.14	0.392523
0.795009	212.274	339.059	0.391955
0.795109	212.771	338.965	0.391348
0.795209	213.336	338.856	0.390712
0.795309	213.888	338.751	0.390076
0.795409	214.276	338.678	0.389461
0.795509	214.481	338.637	0.388836
0.795609	214.779	338.584	0.38825
0.795709	215.056	338.541	0.387727
0.795809	215.356	338.488	0.387187
0.795909	215.851	338.396	0.386634
0.796009	216.403	338.29	0.386026
0.796109	216.981	338.18	0.385401
0.796209	217.432	338.096	0.38477
0.796309	217.749	338.037	0.384144
0.796409	218	337.994	0.383564
0.796509	218.174	337.962	0.382981
0.796609	218.29	337.938	0.382348
0.796709	218.56	337.889	0.381773
0.796809	218.672	337.866	0.381206
0.796909	218.924	337.815	0.380613
0.797009	219.34	337.737	0.380018
0.797109	219.951	337.625	0.379478
0.797209	220.335	337.554	0.378891
0.797309	220.637	337.501	0.378326
0.797409	220.699	337.49	0.37775
0.797509	220.96	337.44	0.377162
0.797609	221.438	337.348	0.376563
0.797709	222.03	337.235	0.375961
0.797809	222.671	337.115	0.375362
0.797909	222.969	337.053	0.374662
0.798009	223.161	337.019	0.373983
0.798109	223.378	336.983	0.373398
0.798109	223.378	336.983	0.373398
0.798209	223.678	336.928	0.372825
0.798209	223.678	336.928	0.372825
0.798309	224.016	336.866	0.372208
0.798309	224.016	336.866	0.372208
0.798409	224.606	336.758	0.371644
0.798509	225.138	336.658	0.371041
0.798609	225.525	336.58	0.370358
0.798709	226.002	336.485	0.369683
0.798809	226.362	336.412	0.369007
0.798909	226.681	336.35	0.368371
0.799009	226.987	336.293	0.367772
0.799109	227.193	336.256	0.367154
0.799209	227.539	336.193	0.366568
0.799309	228.085	336.087	0.366006
0.799409	228.634	335.978	0.365333
0.799509	229.395	335.829	0.364615
0.799609	230.216	335.667	0.363893
0.799709	230.682	335.57	0.363108
0.799809	231.216	335.465	0.362377
0.799909	231.259	335.46	0.361632
0.800009	231.541	335.42	0.361129
0.800109	231.731	335.392	0.360658
0.800209	231.916	335.36	0.360068
0.800309	232.302	335.286	0.359439
0.800409	232.735	335.199	0.358814
0.800509	233.128	335.124	0.358209
0.800609	233.463	335.058	0.357574
0.800709	233.951	334.957	0.356923
0.800809	234.516	334.84	0.356226
0.800909	235.008	334.73	0.355498
0.801009	235.45	334.637	0.354774
0.801109	235.724	334.592	0.354143
0.801209	235.838	334.576	0.353636
0.801309	235.905	334.561	0.353077
0.801409	236.006	334.534	0.352448
0.801509	236.299	334.47	0.351806
0.801609	236.639	334.395	0.351169
0.801709	237.206	334.274	0.350569
0.801809	237.834	334.137	0.349878
0.801909	238.517	333.989	0.349178
0.802009	239.045	333.873	0.348458
0.802109	239.496	333.777	0.347769
0.802209	239.897	333.694	0.347128
0.802309	240.211	333.63	0.346517
0.802409	240.761	333.519	0.345906
0.802509	241.299	333.4	0.345209
0.802609	242.035	333.242	0.344522
0.802709	242.836	333.069	0.343846
0.802809	243.158	332.988	0.343043
0.802909	243.853	332.845	0.342336
0.803009	244.06	332.801	0.34162
0.803109	244.152	332.78	0.340921
0.803209	244.568	332.692	0.340269
0.803309	245.107	332.576	0.3396
0.803409	245.739	332.435	0.338865
0.803509	246.494	332.265	0.338102
0.803609	247.087	332.125	0.337317
0.803709	247.808	331.972	0.336655
0.803809	248.041	331.915	0.335972
0.803909	248.405	331.834	0.335293
0.804009	248.664	331.764	0.334565
0.804109	249.378	331.61	0.333882
0.804209	249.84	331.501	0.333158
0.804309	250.145	331.422	0.332426
0.804409	250.586	331.327	0.331744
0.804509	251.048	331.215	0.331093
0.804609	251.911	331.015	0.330391
0.804709	252.695	330.823	0.329567
0.804809	253.599	330.606	0.328764
0.804909	254.272	330.444	0.327921
0.805009	254.659	330.342	0.327107
0.805109	255.057	330.248	0.326368
0.805209	255.578	330.124	0.325631
0.805309	256.169	329.984	0.324897
0.805409	256.756	329.844	0.32418
0.805509	257.378	329.691	0.323446
0.805609	257.983	329.54	0.322656
0.805709	258.409	329.424	0.321818
0.805809	258.781	329.32	0.320973
0.805909	259.333	329.18	0.320201
0.806009	260.007	329.013	0.319438
0.806109	260.646	328.852	0.318659
0.806209	261.257	328.697	0.317921
0.806309	261.834	328.548	0.317169
0.806409	262.365	328.408	0.316391
0.806509	263.06	328.24	0.315626
0.806609	263.638	328.098	0.314827
0.806709	264.288	327.945	0.31408
0.806809	264.801	327.82	0.313363
0.806909	265.372	327.68	0.312658
0.807009	266.011	327.526	0.311928
0.807109	266.651	327.362	0.311095
0.807209	267.592	327.125	0.310301
0.807309	268.409	326.915	0.309483
0.807409	268.936	326.773	0.308571
0.807509	269.65	326.591	0.307721
0.807609	270.429	326.385	0.306852
0.807709	271.467	326.119	0.305919
0.807809	272.667	325.813	0.304929
0.807909	273.674	325.541	0.303844
0.808009	274.889	325.222	0.302855
0.808109	275.839	324.968	0.301844
0.808209	277.073	324.654	0.300954
0.808309	277.94	324.419	0.299994
0.808409	278.908	324.161	0.29899
0.808509	280.031	323.866	0.297976
0.808609	281.14	323.573	0.296922
0.808709	282.363	323.255	0.29581
0.808809	283.618	322.926	0.294714
0.808909	284.848	322.605	0.29365
0.809009	285.938	322.319	0.292579
0.809109	286.824	322.091	0.29158
0.809209	287.455	321.929	0.290657
0.809309	287.95	321.8	0.289751
0.809409	288.401	321.684	0.288898
0.809509	289.339	321.46	0.28816
0.809609	290.202	321.238	0.287273
0.809709	291.497	320.906	0.286373
0.809809	292.523	320.631	0.285381
0.809909	293.524	320.352	0.284267
0.810009	294.795	319.998	0.283126
0.810109	296.291	319.582	0.281942
0.810209	297.813	319.168	0.280795
0.810309	298.763	318.903	0.279676
0.810409	299.571	318.667	0.278538
0.810509	300.735	318.344	0.277365
0.810609	301.957	317.998	0.276082
0.810709	303.562	317.554	0.274841
0.810809	305.178	317.101	0.273627
0.810909	306.772	316.657	0.27236
0.811009	308.295	316.225	0.271055
0.811009	308.295	316.225	0.271055
0.811109	309.634	315.835	0.269662
0.811209	311.417	315.329	0.268369
0.811309	312.758	314.925	0.267002
0.811409	314.777	314.339	0.265567
0.811509	317.162	313.646	0.264074
0.811609	319.303	313.015	0.262554
0.811709	320.882	312.532	0.260881
0.811809	322.203	312.126	0.259196
0.811909	323.587	311.719	0.257728
0.812009	325.006	311.301	0.25643
0.812109	326.508	310.847	0.255108
0.812209	327.86	310.428	0.25369
0.812309	328.808	310.131	0.252366
0.812409	328.579	310.187	0.251335
0.81251	327.62	310.452	0.250844
0.812609	326.792	310.679	0.250627
0.812709	324.789	311.297	0.250983
0.812809	320.807	312.538	0.253336
0.812909	316.241	313.953	0.25663
0.813009	314.353	314.267	0.257243
0.813109	322.967	311.502	0.252849
0.813209	335.483	307.398	0.245083
0.813309	346.004	303.827	0.237567
0.813409	353.29	301.293	0.231742
0.813509	358.673	299.325	0.226547
0.813609	365.268	296.956	0.221578
0.813709	372.201	294.389	0.216184
0.813809	380.612	291.267	0.209897
0.813809	380.612	291.267	0.209897
0.813909	391.691	287.067	0.201815
0.813909	391.691	287.067	0.201815
0.814009	408.771	280.372	0.189785
0.814109	437.64	268.454	0.171025
0.81421	480.217	249.443	0.144538
0.814309	526.283	227.035	0.115474
0.814409	571.347	203.185	0.088152
0.814509	611.84	180.135	0.0652699
0.814609	646.025	159.452	0.0478809
0.814709	673.656	141.906	0.0355521
0.814809	695.736	127.346	0.0269627
0.814909	713.473	115.302	0.0209267
0.815009	727.904	105.273	0.0165992
0.815109	739.82	96.8358	0.013423
0.815209	749.803	89.6578	0.0110384
0.815309	758.276	83.4875	0.00921106
0.815409	765.549	78.1339	0.00778538
0.815509	771.855	73.4503	0.00665528
0.815609	777.368	69.3224	0.00574677
0.815709	782.228	65.6591	0.00500707
0.815809	786.541	62.3875	0.0043978
0.815909	790.395	59.4487	0.00389066
0.816009	793.859	56.7948	0.00346441
0.816109	796.989	54.386	0.00310299
0.816209	799.833	52.1895	0.00279403
0.816309	802.426	50.1783	0.00252798
0.816409	804.803	48.3297	0.00229733
0.816509	806.988	46.6248	0.00209613
0.816609	809.004	45.0475	0.00191964
0.816709	810.872	43.5836	0.00176401
0.816709	810.872	43.5836	0.00176401
0.816809	812.601	42.2243	0.00162613
0.816909	814.204	40.963	0.00150364
0.817009	815.742	39.7411	0.00139367
0.817109	817.493	38.3691	0.00129462
0.817209	818.342	37.8335	0.00120888
0.817309	814.048	43.4846	0.00112139
0.817409	761.537	101.688	0.00114132
0.817509	570.993	227.507	0.00163133
0.817609	309.194	321.909	0.00294395
0.817709	152.586	344.583	0.00433597
0.817809	100.317	345.574	0.00496708
0.817909	73.201	344.144	0.0051704
0.818009	51.2304	341.117	0.00531926
0.818109	33.8495	336.664	0.00547931
0.818109	33.8495	336.664	0.00547931
0.818209	22.1006	331.32	0.00565003
0.818309	16.9258	325.698	0.00584052
0.818409	19.2176	320.256	0.00604188
0.818509	27.754	315.216	0.0062418
0.818609	41.238	310.587	0.0064411
0.818709	58.5959	306.248	0.0066245
0.818809	78.4068	302.064	0.00678443
0.818909	99.4605	297.947	0.00691527
0.819009	120.558	293.878	0.00701435
0.819109	140.853	289.904	0.00708365
0.819209	159.593	286.118	0.00713185
0.819309	176.12	282.637	0.00716977
0.819409	190.175	279.584	0.00720707
0.819509	201.72	277.034	0.007252
0.819609	210.989	274.963	0.00731041
0.819709	218.453	273.287	0.00738378
0.819809	224.795	271.869	0.00746775
0.819909	230.766	270.545	0.00755263
0.820009	237.094	269.157	0.00762863
0.820109	244.07	267.618	0.0076882
0.820209	252.004	265.833	0.00772288
0.820309	261.034	263.768	0.00772911
0.820409	270.786	261.471	0.00771039
0.820509	281.122	258.959	0.00766777
0.820609	291.855	256.27	0.00760173
0.820709	302.716	253.466	0.00751681
0.820809	313.449	250.62	0.00741864
0.820909	323.831	247.803	0.00731296
0.821009	333.66	245.091	0.00720543
0.821109	342.749	242.559	0.00710165
0.821209	350.942	240.28	0.00700704
0.821309	358.095	238.322	0.00692677
0.821409	364.105	236.745	0.00686628
0.821509	368.843	235.604	0.00682968
0.821609	372.388	234.89	0.00681936
0.821709	374.761	234.608	0.0068386
0.821809	375.886	234.769	0.00688668
0.821909	376.044	235.266	0.00695725
0.822009	375.602	235.974	0.00704544
0.822109	374.812	236.805	0.0071478
0.822209	373.867	237.692	0.00725895
0.822309	372.95	238.574	0.0073727
0.822409	372.19	239.412	0.00748397
0.822509	371.651	240.183	0.00758935
0.822609	371.369	240.878	0.00768689
0.822709	371.366	241.486	0.00777538
0.822809	371.675	241.991	0.00785345
0.822909	372.338	242.372	0.00791933
0.823009	373.397	242.607	0.00797095
0.823109	374.969	242.655	0.00800597
0.823109	374.969	242.655	0.00800597
0.823209	377.026	242.524	0.00802076
0.823309	379.521	242.219	0.00801665
0.823409	382.516	241.718	0.00799753
0.823509	385.981	241.032	0.00796204
0.823509	385.981	241.032	0.00796204
0.823609	389.847	240.189	0.00791037
0.823709	393.971	239.24	0.00784657
0.823809	398.225	238.228	0.00777464
0.823909	402.511	237.188	0.00769757
0.824009	406.742	236.154	0.00761813
0.824109	410.835	235.16	0.0075391
0.824209	414.712	234.239	0.00746317
0.824209	414.712	234.239	0.00746317
0.824309	418.303	233.423	0.00739284
0.824409	421.542	232.743	0.00733052
0.824509	424.378	232.223	0.00727832
0.824509	424.378	232.223	0.00727832
0.824609	426.774	231.884	0.00723828
0.824709	428.648	231.757	0.00721171
0.824809	430.057	231.821	0.00719949
0.824909	430.99	232.088	0.00720186
0.825009	431.368	232.579	0.0072174
0.825109	431.32	233.243	0.00724482
0.825209	430.941	234.042	0.00728366
0.825309	430.289	234.957	0.00733317
0.825409	429.418	235.962	0.00739136
0.825509	428.415	237.019	0.00745491
0.825609	427.391	238.082	0.00751987
0.825609	427.391	238.082	0.00751987
0.825709	426.461	239.104	0.00758232
0.825809	425.728	240.045	0.00763928
0.825909	425.253	240.882	0.00768878
0.825909	425.253	240.882	0.00768878
0.826009	425.073	241.598	0.00772945
0.826109	425.247	242.17	0.00775928
0.826209	425.788	242.596	0.00777412
0.826309	426.598	242.907	0.00777481
0.826409	427.654	243.104	0.00776505
0.826509	429.031	243.155	0.00774443
0.826609	430.753	243.057	0.00771153
0.826709	432.774	242.833	0.00766711
0.826809	434.99	242.528	0.00761469
0.826909	437.305	242.177	0.00755771
0.827009	439.657	241.805	0.00749827
0.827109	441.994	241.434	0.0074379
0.827209	444.264	241.087	0.00737821
0.827309	446.41	240.788	0.00732098
0.827409	448.38	240.563	0.00726802
0.827509	450.128	240.432	0.00722097
0.827609	451.618	240.412	0.00718126
0.827709	452.811	240.522	0.00715007
0.827809	453.685	240.771	0.00712823
0.827909	454.227	241.164	0.00711659
0.828009	454.427	241.701	0.00711478
0.828109	454.357	242.352	0.00712033
0.828209	454.082	243.094	0.00713241
0.828309	453.597	243.926	0.00715203
0.828409	452.926	244.835	0.00717853
0.828509	452.136	245.789	0.00720937
0.828609	451.301	246.754	0.00724175
0.828609	451.301	246.754	0.00724175
0.828709	450.499	247.698	0.00727314
0.828709	450.499	247.698	0.00727314
0.828809	449.806	248.588	0.00730105
0.828909	449.307	249.39	0.00732351
0.829009	449.054	250.087	0.0073393
0.829109	449.025	250.689	0.00734771
0.829209	449.196	251.203	0.00734891
0.829309	449.54	251.637	0.00734331
0.829309	449.54	251.637	0.00734331
0.829409	450.066	251.983	0.00733059
0.829509	450.825	252.22	0.00730968
0.829609	451.829	252.349	0.00728038
0.829709	453.019	252.399	0.00724436
0.829809	454.31	252.407	0.00720437
0.829909	455.634	252.399	0.00716264
0.830009	456.949	252.394	0.00712056
0.830109	458.217	252.408	0.00707923
0.830209	459.401	252.457	0.00703976
0.830309	460.466	252.559	0.00700326
0.830409	461.38	252.727	0.00697073
0.830509	462.121	252.973	0.00694306
0.830609	462.656	253.308	0.00692087
0.830709	462.997	253.729	0.00690452
0.830809	463.131	254.239	0.00689392
0.830909	463.06	254.836	0.0068887
0.831009	462.857	255.488	0.00688819
0.831109	462.541	256.189	0.0068915
0.831209	462.118	256.937	0.00689787
0.831309	461.617	257.715	0.00690643
0.831409	461.082	258.504	0.00691601
0.831509	460.556	259.284	0.0069253
0.831609	460.087	260.034	0.00693296
0.831709	459.713	260.737	0.00693757
0.831809	459.466	261.381	0.00693847
0.831909	459.363	261.96	0.00693585
0.832009	459.398	262.478	0.00692961
0.832109	459.54	262.946	0.00691943
0.832209	459.798	263.357	0.00690471
0.832309	460.209	263.701	0.00688517
0.832409	460.737	263.994	0.00686167
0.832509	461.326	264.263	0.00683577
0.832609	461.931	264.525	0.00680884
0.832709	462.524	264.793	0.00678187
0.832809	463.082	265.076	0.00675554
0.832909	463.585	265.384	0.0067304
0.833009	464.011	265.726	0.00670702
0.833109	464.345	266.109	0.00668592
0.833209	464.572	266.54	0.00666744
0.833309	464.693	267.017	0.00665167
0.833409	464.719	267.537	0.0066385
0.833509	464.647	268.1	0.00662783
0.833609	464.477	268.705	0.00661957
0.833709	464.233	269.342	0.00661333
0.833809	463.934	270.002	0.00660854
0.833909	463.601	270.675	0.00660459
0.834009	463.258	271.35	0.00660086
0.834109	462.927	272.018	0.00659673
0.834209	462.627	272.67	0.00659166
0.834309	462.375	273.3	0.00658517
0.834409	462.18	273.902	0.00657697
0.834509	462.051	274.475	0.00656691
0.834609	461.978	275.023	0.00655501
0.834609	461.978	275.023	0.00655501
0.834709	461.963	275.544	0.00654139
0.834809	462.005	276.041	0.00652619
0.834909	462.08	276.526	0.00650961
0.835009	462.178	277.001	0.00649198
0.835109	462.281	277.476	0.0064738
0.835209	462.371	277.958	0.00645553
0.835309	462.431	278.455	0.00643751
0.835409	462.452	278.97	0.00641996
0.835509	462.432	279.503	0.00640311
0.835609	462.367	280.057	0.00638716
0.835709	462.255	280.633	0.00637227
0.835809	462.098	281.23	0.00635847
0.835909	461.896	281.849	0.00634572
0.836009	461.649	282.487	0.00633386
0.836109	461.369	283.14	0.00632261
0.836209	461.066	283.803	0.00631166
0.836309	460.751	284.472	0.00630076
0.836409	460.431	285.142	0.00628969
0.836509	460.115	285.811	0.00627828
0.836509	460.115	285.811	0.00627828
0.836609	459.807	286.477	0.00626638
0.836709	459.511	287.137	0.0062539
0.836709	459.511	287.137	0.0062539
0.836809	459.231	287.791	0.00624079
0.836909	458.961	288.441	0.00622709
0.837009	458.7	289.089	0.00621282
0.837109	458.448	289.733	0.00619805
0.837209	458.196	290.379	0.0061829
0.837309	457.938	291.028	0.00616751
0.837409	457.669	291.683	0.00615202
0.837509	457.384	292.346	0.00613654
0.837609	457.08	293.019	0.00612116
0.837609	457.08	293.019	0.00612116
0.837709	456.754	293.701	0.00610593
0.837709	456.754	293.701	0.00610593
0.837809	456.405	294.394	0.00609091
0.837909	456.031	295.097	0.00607608
0.838009	455.635	295.811	0.00606146
0.838109	455.216	296.534	0.006047
0.838209	454.775	297.266	0.00603268
0.838309	454.316	298.005	0.00601844
0.838409	453.841	298.751	0.00600422
0.838509	453.351	299.501	0.00598997
0.838609	452.85	300.255	0.00597563
0.838709	452.338	301.013	0.00596117
0.838809	451.816	301.772	0.00594657
0.838909	451.285	302.534	0.00593182
0.839009	450.743	303.298	0.00591695
0.839009	450.743	303.298	0.00591695
0.839109	450.189	304.065	0.00590197
0.839209	449.621	304.835	0.0058869
0.839309	449.039	305.609	0.00587179
0.839409	448.439	306.387	0.00585668
0.839509	447.82	307.168	0.0058416
0.839609	447.183	307.954	0.00582657
0.839709	446.526	308.744	0.00581159
0.839809	445.849	309.537	0.00579667
0.839909	445.153	310.334	0.00578181
0.840009	444.437	311.133	0.00576701
0.840109	443.703	311.933	0.00575225
0.840209	442.951	312.736	0.00573753
0.840309	442.179	313.539	0.00572286
0.840409	441.388	314.344	0.00570825
0.840509	440.578	315.149	0.0056937
0.840609	439.748	315.954	0.00567923
0.840709	438.899	316.758	0.00566484
0.840809	438.031	317.562	0.00565052
0.840909	437.144	318.364	0.00563628
0.841009	436.238	319.164	0.00562213
0.841109	435.312	319.962	0.00560808
0.841209	434.367	320.757	0.00559414
0.841309	433.402	321.549	0.00558032
0.841409	432.419	322.337	0.00556661
0.841509	431.416	323.121	0.00555303
0.841609	430.394	323.9	0.0055396
0.841709	429.352	324.675	0.00552632
0.841809	428.29	325.444	0.00551321
0.841909	427.209	326.208	0.00550025
0.842009	426.11	326.967	0.00548744
0.842109	424.992	327.718	0.00547478
0.842209	423.857	328.463	0.00546228
0.842309	422.704	329.2	0.00544995
0.842409	421.533	329.93	0.0054378
0.842509	420.344	330.65	0.00542584
0.842609	419.139	331.362	0.00541407
0.842609	419.139	331.362	0.00541407
0.842709	417.917	332.064	0.0054025
0.842809	416.679	332.756	0.00539114
0.842909	415.423	333.44	0.00537999
0.843009	414.152	334.113	0.00536903
0.843109	412.866	334.777	0.00535827
0.843209	411.566	335.43	0.00534772
0.843309	410.251	336.072	0.00533737
0.843409	408.921	336.704	0.00532723
0.843509	407.579	337.325	0.0053173
0.843609	406.223	337.934	0.00530758
0.843709	404.855	338.532	0.00529807
0.843809	403.475	339.119	0.00528877
0.843909	402.084	339.694	0.00527967
0.844009	400.682	340.257	0.00527079
0.844109	399.269	340.808	0.00526212
0.844209	397.846	341.348	0.00525366
0.844309	396.414	341.876	0.0052454
0.844409	394.973	342.392	0.00523734
0.844509	393.524	342.896	0.00522949
0.844609	392.067	343.388	0.00522184
0.844709	390.602	343.868	0.00521439
0.844809	389.131	344.336	0.00520713
0.844909	387.653	344.792	0.00520008
0.845009	386.17	345.237	0.00519323
0.845109	384.681	345.669	0.00518657
0.845209	383.187	346.089	0.0051801
0.845309	381.689	346.498	0.00517382
0.845409	380.187	346.895	0.00516773
0.845509	378.681	347.281	0.00516182
0.845609	377.172	347.655	0.0051561
0.845709	375.661	348.019	0.00515055
0.845809	374.148	348.371	0.00514518
0.845909	372.633	348.712	0.00513997
0.845909	372.633	348.712	0.00513997
0.846009	371.117	349.042	0.00513494
0.846109	369.6	349.362	0.00513007
0.846209	368.083	349.671	0.00512537
0.846309	366.565	349.969	0.00512082
0.846409	365.048	350.258	0.00511643
0.846509	363.531	350.536	0.0051122
0.846609	362.016	350.805	0.00510812
0.846709	360.502	351.064	0.00510419
0.846809	358.989	351.314	0.0051004
0.846909	357.478	351.554	0.00509674
0.847009	355.97	351.786	0.00509323
0.847109	354.464	352.008	0.00508984
0.847209	352.96	352.222	0.00508659
0.847309	351.46	352.428	0.00508346
0.847409	349.964	352.625	0.00508045
0.847509	348.47	352.814	0.00507757
0.847609	346.981	352.995	0.0050748
0.847709	345.496	353.168	0.00507214
0.847809	344.015	353.334	0.0050696
0.847909	342.538	353.493	0.00506716
0.848009	341.066	353.645	0.00506483
0.848109	339.599	353.789	0.00506261
0.848209	338.138	353.927	0.00506048
0.848309	336.681	354.058	0.00505845
0.848409	335.23	354.183	0.00505652
0.848509	333.784	354.301	0.00505467
0.848609	332.344	354.414	0.00505292
0.848709	330.91	354.52	0.00505125
0.848809	329.481	354.62	0.00504967
0.848909	328.059	354.715	0.00504818
0.849009	326.643	354.805	0.00504676
0.849109	325.233	354.889	0.00504541
0.849209	323.83	354.968	0.00504414
0.849309	322.433	355.041	0.00504295
0.849409	321.042	355.111	0.00504182
0.849509	319.659	355.175	0.00504076
0.849609	318.282	355.234	0.00503977
0.849709	316.912	355.29	0.00503884
0.849809	315.548	355.341	0.00503798
0.849909	314.192	355.387	0.00503718
0.850009	312.843	355.43	0.00503643
0.850109	311.5	355.469	0.00503574
0.850209	310.165	355.504	0.00503511
0.850309	308.837	355.535	0.00503453
0.850409	307.516	355.563	0.005034
0.850509	306.203	355.587	0.00503352
0.850609	304.896	355.608	0.00503309
0.850709	303.597	355.626	0.00503271
0.850809	302.305	355.641	0.00503237
0.850909	301.021	355.652	0.00503207
0.851009	299.743	355.661	0.00503182
0.851109	298.473	355.666	0.00503161
0.851209	297.211	355.669	0.00503144
0.851309	295.956	355.67	0.00503131
0.851409	294.708	355.667	0.00503121
0.851509	293.467	355.663	0.00503115
0.851609	292.234	355.655	0.00503113
0.851709	291.008	355.646	0.00503114
0.851809	289.789	355.634	0.00503118
0.851909	288.578	355.62	0.00503125
0.851909	288.578	355.62	0.00503125
0.852009	287.374	355.604	0.00503135
0.852109	286.177	355.586	0.00503148
0.852209	284.988	355.567	0.00503165
0.852309	283.806	355.545	0.00503183
0.852409	282.631	355.521	0.00503205
0.852509	281.463	355.496	0.00503229
0.852609	280.302	355.469	0.00503255
0.852709	279.149	355.44	0.00503284
0.852809	278.002	355.41	0.00503315
0.852909	276.863	355.378	0.00503348
0.853009	275.731	355.345	0.00503384
0.853109	274.606	355.311	0.00503421
0.853209	273.488	355.275	0.0050346
0.853309	272.377	355.237	0.00503502
0.853409	271.273	355.199	0.00503545
0.853509	270.176	355.159	0.0050359
0.853609	269.086	355.119	0.00503637
0.853709	268.002	355.077	0.00503685
0.853809	266.926	355.034	0.00503735
0.853909	265.856	354.99	0.00503786
0.854009	264.793	354.945	0.00503839
0.854109	263.737	354.899	0.00503893
0.854209	262.687	354.852	0.00503949
0.854309	261.644	354.805	0.00504006
0.854409	260.608	354.756	0.00504064
0.854509	259.578	354.707	0.00504124
0.854609	258.555	354.657	0.00504184
0.854709	257.538	354.607	0.00504246
0.854809	256.527	354.555	0.00504309
0.854909	255.523	354.503	0.00504373
0.855009	254.526	354.451	0.00504437
0.855109	253.534	354.397	0.00504503
0.855209	252.549	354.344	0.00504569
0.855309	251.571	354.289	0.00504637
0.855409	250.598	354.234	0.00504705
0.855409	250.598	354.234	0.00504705
0.855509	249.632	354.179	0.00504774
0.855609	248.671	354.123	0.00504843
0.855709	247.717	354.067	0.00504914
0.855809	246.769	354.01	0.00504985
0.855909	245.826	353.953	0.00505056
0.856009	244.89	353.896	0.00505129
0.856109	243.959	353.838	0.00505202
0.856209	243.035	353.78	0.00505275
0.856309	242.116	353.722	0.00505349
0.856409	241.203	353.663	0.00505424
0.856509	240.296	353.604	0.00505499
0.856609	239.394	353.545	0.00505574
0.856709	238.498	353.485	0.0050565
0.856809	237.608	353.426	0.00505726
0.856909	236.723	353.366	0.00505803
0.857009	235.844	353.306	0.0050588
0.857109	234.97	353.246	0.00505957
0.857209	234.102	353.185	0.00506035
0.857209	234.102	353.185	0.00506035
0.857309	233.239	353.125	0.00506112
0.857409	232.381	353.064	0.00506191
0.857509	231.529	353.003	0.00506269
0.857609	230.682	352.942	0.00506348
0.857709	229.84	352.881	0.00506426
0.857809	229.003	352.82	0.00506506
0.857909	228.172	352.759	0.00506585
0.858009	227.346	352.698	0.00506664
0.858109	226.524	352.637	0.00506744
0.858209	225.708	352.576	0.00506824
0.858309	224.897	352.514	0.00506904
0.858309	224.897	352.514	0.00506903
0.858409	224.091	352.453	0.00506983
0.858509	223.289	352.392	0.00507064
0.858609	222.493	352.331	0.00507144
0.858709	221.701	352.269	0.00507224
0.858809	220.914	352.208	0.00507304
0.858909	220.132	352.147	0.00507385
0.859009	219.354	352.086	0.00507465
0.859109	218.582	352.025	0.00507545
0.859209	217.814	351.963	0.00507626
0.859309	217.05	351.902	0.00507706
0.859409	216.291	351.841	0.00507787
0.859509	215.537	351.781	0.00507867
0.859509	215.537	351.781	0.00507867
0.859609	214.787	351.72	0.00507947
0.859709	214.042	351.659	0.00508028
0.859809	213.301	351.598	0.00508108
0.859909	212.564	351.538	0.00508188
0.860009	211.832	351.478	0.00508269
0.860109	211.104	351.417	0.00508349
0.860209	210.38	351.357	0.00508429
0.860309	209.661	351.297	0.00508509
0.860409	208.945	351.237	0.00508589
0.860509	208.234	351.177	0.00508669
0.860609	207.527	351.118	0.00508748
0.860709	206.825	351.058	0.00508828
0.860809	206.126	350.999	0.00508908
0.860909	205.431	350.939	0.00508987
0.861009	204.741	350.88	0.00509066
0.861109	204.054	350.821	0.00509146
0.861209	203.371	350.763	0.00509225
0.861309	202.692	350.704	0.00509304
0.861409	202.017	350.645	0.00509383
0.861509	201.346	350.587	0.00509461
0.861609	200.679	350.529	0.0050954
0.861709	200.015	350.471	0.00509618
0.861809	199.355	350.413	0.00509697
0.861909	198.699	350.356	0.00509775
0.862009	198.047	350.298	0.00509853
0.862109	197.398	350.241	0.00509931
0.862209	196.753	350.184	0.00510008
0.862309	196.111	350.127	0.00510086
0.862309	196.111	350.127	0.00510086
0.862409	195.473	350.07	0.00510163
0.862509	194.839	350.014	0.0051024
0.862609	194.208	349.958	0.00510317
0.862709	193.58	349.901	0.00510394
0.862809	192.956	349.846	0.00510471
0.862909	192.335	349.79	0.00510547
0.863009	191.718	349.734	0.00510624
0.863109	191.104	349.679	0.005107
0.863209	190.494	349.624	0.00510776
0.863309	189.886	349.569	0.00510851
0.863409	189.282	349.514	0.00510927
0.863509	188.682	349.46	0.00511003
0.863609	188.084	349.406	0.00511078
0.863709	187.49	349.351	0.00511153
0.863809	186.898	349.298	0.00511228
0.863909	186.31	349.244	0.00511302
0.864009	185.725	349.191	0.00511377
0.864109	185.143	349.137	0.00511451
0.864209	184.564	349.084	0.00511525
0.864209	184.564	349.084	0.00511525
0.864309	183.989	349.031	0.00511599
0.864409	183.416	348.979	0.00511673
0.864509	182.846	348.927	0.00511746
0.864609	182.279	348.874	0.0051182
0.864709	181.715	348.822	0.00511893
0.864709	181.715	348.822	0.00511893
0.864809	181.154	348.771	0.00511966
0.864909	180.596	348.719	0.00512039
0.865009	180.041	348.668	0.00512111
0.865109	179.488	348.617	0.00512184
0.865209	178.938	348.566	0.00512256
0.865309	178.391	348.515	0.00512328
0.865409	177.847	348.465	0.005124
0.865509	177.306	348.415	0.00512471
0.865609	176.767	348.365	0.00512543
0.865709	176.231	348.315	0.00512614
0.865809	175.697	348.266	0.00512685
0.865909	175.167	348.216	0.00512756
0.866009	174.639	348.167	0.00512827
0.866109	174.113	348.118	0.00512897
0.866209	173.59	348.07	0.00512967
0.866309	173.07	348.021	0.00513037
0.866409	172.552	347.973	0.00513107
0.866509	172.036	347.925	0.00513177
0.866609	171.523	347.877	0.00513247
0.866709	171.013	347.83	0.00513316
0.866809	170.505	347.782	0.00513385
0.866909	169.999	347.735	0.00513454
0.867009	169.496	347.688	0.00513523
0.867109	168.995	347.642	0.00513592
0.867209	168.496	347.595	0.0051366
0.867309	168	347.549	0.00513728
0.867409	167.506	347.503	0.00513796
0.867509	167.015	347.457	0.00513864
0.867609	166.526	347.412	0.00513932
0.867709	166.039	347.366	0.00513999
0.867809	165.554	347.321	0.00514067
0.867909	165.071	347.276	0.00514134
0.867909	165.071	347.276	0.00514134
0.868009	164.591	347.231	0.00514201
0.868109	164.113	347.187	0.00514267
0.868209	163.637	347.143	0.00514334
0.868309	163.163	347.099	0.00514401
0.868409	162.691	347.055	0.00514467
0.868509	162.221	347.011	0.00514533
0.868609	161.754	346.968	0.00514599
0.868709	161.288	346.924	0.00514665
0.868809	160.824	346.881	0.0051473
0.868909	160.363	346.838	0.00514795
0.869009	159.904	346.796	0.00514861
0.869109	159.446	346.753	0.00514926
0.869209	158.991	346.711	0.00514991
0.869309	158.537	346.669	0.00515055
0.869409	158.085	346.628	0.0051512
0.869509	157.636	346.586	0.00515184
0.869609	157.188	346.545	0.00515249
0.869709	156.742	346.503	0.00515313
0.869809	156.298	346.462	0.00515376
0.869909	155.856	346.422	0.0051544
0.870009	155.416	346.381	0.00515504
0.870109	154.977	346.341	0.00515567
0.870209	154.541	346.301	0.0051563
0.870309	154.106	346.261	0.00515693
0.870409	153.673	346.221	0.00515756
0.870509	153.242	346.181	0.00515819
0.870609	152.812	346.142	0.00515882
0.870709	152.384	346.103	0.00515944
0.870809	151.958	346.064	0.00516006
0.870909	151.534	346.025	0.00516068
0.871009	151.111	345.987	0.0051613
0.871109	150.69	345.948	0.00516192
0.871109	150.69	345.948	0.00516192
0.871209	150.27	345.91	0.00516253
0.871309	149.853	345.872	0.00516315
0.871409	149.437	345.834	0.00516376
0.871509	149.022	345.797	0.00516437
0.871609	148.609	345.759	0.00516498
0.871709	148.198	345.722	0.00516559
0.871809	147.788	345.685	0.0051662
0.871909	147.38	345.648	0.0051668
0.872009	146.973	345.612	0.00516741
0.872109	146.568	345.575	0.00516801
0.872209	146.165	345.539	0.00516861
0.872309	145.762	345.503	0.00516921
0.872409	145.362	345.467	0.00516981
0.872509	144.963	345.431	0.0051704
0.872609	144.565	345.396	0.005171
0.872709	144.169	345.36	0.00517159
0.872809	143.774	345.325	0.00517218
0.872909	143.381	345.29	0.00517277
0.873009	142.989	345.255	0.00517336
0.873109	142.598	345.221	0.00517395
0.873209	142.209	345.186	0.00517454
0.873309	141.821	345.152	0.00517512
0.873409	141.435	345.118	0.0051757
0.873509	141.05	345.084	0.00517628
0.873609	140.666	345.05	0.00517686
0.873709	140.284	345.017	0.00517744
0.873809	139.902	344.983	0.00517802
0.873909	139.523	344.95	0.0051786
0.874009	139.144	344.917	0.00517917
0.874109	138.767	344.884	0.00517974
0.874109	138.767	344.884	0.00517974
0.874209	138.391	344.852	0.00518032
0.874309	138.016	344.819	0.00518089
0.874409	137.642	344.787	0.00518146
0.874509	137.27	344.754	0.00518202
0.874609	136.899	344.722	0.00518259
0.874709	136.529	344.69	0.00518315
0.874809	136.161	344.659	0.00518372
0.874909	135.793	344.627	0.00518428
0.875009	135.427	344.596	0.00518484
0.875109	135.061	344.565	0.0051854
0.875209	134.697	344.534	0.00518596
0.875309	134.335	344.503	0.00518652
0.875409	133.973	344.472	0.00518707
0.875509	133.612	344.441	0.00518763
0.875609	133.252	344.411	0.00518818
0.875709	132.894	344.381	0.00518873
0.875809	132.536	344.351	0.00518928
0.875909	132.18	344.321	0.00518983
0.876009	131.825	344.291	0.00519038
0.876109	131.47	344.261	0.00519093
0.876209	131.117	344.232	0.00519148
0.876309	130.765	344.202	0.00519202
0.876409	130.414	344.173	0.00519256
0.876509	130.063	344.144	0.00519311
0.876609	129.714	344.115	0.00519365
0.876709	129.366	344.087	0.00519419
0.876809	129.019	344.058	0.00519473
0.876909	128.672	344.03	0.00519526
0.877009	128.327	344.001	0.0051958
0.877109	127.982	343.973	0.00519634
0.877209	127.639	343.945	0.00519687
0.877309	127.296	343.918	0.00519741
0.877409	126.954	343.89	0.00519794
0.877509	126.613	343.862	0.00519847
0.877509	126.613	343.862	0.00519847
0.877609	126.273	343.835	0.005199
0.877709	125.934	343.808	0.00519953
0.877809	125.596	343.781	0.00520006
0.877909	125.258	343.754	0.00520058
0.878009	124.921	343.727	0.00520111
0.878109	124.585	343.7	0.00520164
0.878209	124.25	343.674	0.00520216
0.878209	124.25	343.674	0.00520216
0.878309	123.916	343.647	0.00520268
0.878409	123.583	343.621	0.00520321
0.878509	123.25	343.595	0.00520373
0.878609	122.918	343.569	0.00520425
0.878709	122.587	343.543	0.00520477
0.878809	122.256	343.517	0.00520529
0.878909	121.926	343.492	0.00520581
0.879009	121.597	343.466	0.00520633
0.879109	121.269	343.441	0.00520684
0.879209	120.941	343.416	0.00520736
0.879309	120.614	343.391	0.00520787
0.879309	120.614	343.391	0.00520787
0.879409	120.288	343.366	0.00520839
0.879509	119.963	343.341	0.0052089
0.879609	119.638	343.317	0.00520941
0.879709	119.313	343.292	0.00520993
0.879809	118.99	343.268	0.00521044
0.879909	118.666	343.244	0.00521095
0.880009	118.344	343.219	0.00521146
0.880109	118.022	343.195	0.00521197
0.880209	117.701	343.172	0.00521248
0.880309	117.38	343.148	0.00521299
0.880409	117.06	343.124	0.00521349
0.880509	116.74	343.101	0.005214
0.880609	116.421	343.077	0.00521451
0.880709	116.103	343.054	0.00521501
0.880809	115.785	343.031	0.00521552
0.880909	115.467	343.008	0.00521602
0.881009	115.15	342.985	0.00521653
0.881109	114.833	342.962	0.00521703
0.881209	114.517	342.94	0.00521754
0.881309	114.202	342.917	0.00521804
0.881409	113.887	342.895	0.00521854
0.881509	113.572	342.872	0.00521905
0.881609	113.258	342.85	0.00521955
0.881709	112.944	342.828	0.00522005
0.881809	112.631	342.806	0.00522055
0.881909	112.318	342.784	0.00522105
0.882009	112.005	342.763	0.00522155
0.882109	111.693	342.741	0.00522205
0.882209	111.381	342.72	0.00522255
0.882309	111.07	342.698	0.00522305
0.882409	110.759	342.677	0.00522355
0.882509	110.448	342.656	0.00522405
0.882609	110.138	342.635	0.00522455
0.882709	109.828	342.614	0.00522504
0.882809	109.519	342.593	0.00522554
0.882909	109.209	342.572	0.00522604
0.883009	108.9	342.552	0.00522654
0.883109	108.592	342.531	0.00522703
0.883209	108.283	342.511	0.00522753
0.883309	107.975	342.49	0.00522803
0.883409	107.668	342.47	0.00522852
0.883509	107.36	342.45	0.00522902
0.883609	107.053	342.43	0.00522951
0.883709	106.747	342.41	0.00523001
0.883809	106.44	342.39	0.0052305
0.883909	106.134	342.371	0.005231
0.884009	105.828	342.351	0.00523149
0.884109	105.522	342.331	0.00523199
0.884209	105.217	342.312	0.00523248
0.884309	104.911	342.293	0.00523298
0.884409	104.607	342.273	0.00523347
0.884509	104.302	342.254	0.00523396
0.884609	103.998	342.235	0.00523446
0.884709	103.693	342.216	0.00523495
0.884809	103.39	342.197	0.00523544
0.884909	103.086	342.178	0.00523593
0.885009	102.783	342.159	0.00523642
0.885109	102.48	342.141	0.00523692
0.885109	102.48	342.141	0.00523692
0.885209	102.177	342.122	0.00523741
0.885309	101.874	342.103	0.0052379
0.885409	101.572	342.085	0.00523838
0.885509	101.27	342.066	0.00523887
0.885609	100.969	342.048	0.00523936
0.885709	100.667	342.03	0.00523985
0.885809	100.366	342.011	0.00524034
0.885909	100.066	341.993	0.00524083
0.886009	99.7651	341.975	0.00524131
0.886109	99.465	341.957	0.0052418
0.886209	99.1652	341.939	0.00524228
0.886309	98.8658	341.921	0.00524277
0.886409	98.5667	341.903	0.00524325
0.886509	98.2681	341.885	0.00524373
0.886609	97.9697	341.867	0.00524421
0.886709	97.6719	341.849	0.00524469
0.886809	97.3744	341.831	0.00524517
0.886909	97.0773	341.814	0.00524565
0.887009	96.7807	341.796	0.00524613
0.887109	96.4845	341.778	0.0052466
0.887209	96.1889	341.76	0.00524708
0.887309	95.8937	341.743	0.00524755
0.887409	95.5991	341.725	0.00524802
0.887509	95.305	341.707	0.00524849
0.887609	95.0115	341.69	0.00524896
0.887709	94.7186	341.672	0.00524943
0.887809	94.4263	341.654	0.00524989
0.887909	94.1347	341.637	0.00525036
0.888009	93.8438	341.619	0.00525082
0.888109	93.5535	341.602	0.00525128
0.888209	93.264	341.584	0.00525174
0.888309	92.9753	341.566	0.00525219
0.888409	92.6873	341.548	0.00525264
0.888509	92.4003	341.531	0.0052531
0.888609	92.114	341.513	0.00525354
0.888709	91.8287	341.495	0.00525399
0.888809	91.5443	341.477	0.00525443
0.888909	91.2609	341.46	0.00525487
0.889009	90.9786	341.442	0.00525531
0.889109	90.6972	341.424	0.00525574
0.889209	90.417	341.406	0.00525617
0.889309	90.1379	341.388	0.0052566
0.889409	89.86	341.37	0.00525702
0.889509	89.5833	341.352	0.00525745
0.889609	89.3078	341.334	0.00525786
0.889709	89.0337	341.315	0.00525827
0.889809	88.7609	341.297	0.00525868
0.889909	88.4895	341.279	0.00525908
0.890009	88.2195	341.261	0.00525948
0.890009	88.2196	341.261	0.00525948
0.890109	87.951	341.242	0.00525987
0.890209	87.684	341.224	0.00526026
0.890309	87.4186	341.206	0.00526064
0.890409	87.1547	341.188	0.00526102
0.890509	86.8924	341.169	0.00526138
0.890609	86.6317	341.151	0.00526174
0.890709	86.3726	341.134	0.00526209
0.890809	86.1152	341.116	0.00526243
0.890909	85.859	341.098	0.00526275
0.891009	85.6051	341.081	0.00526309
0.891109	85.3439	341.064	0.00526337
0.891309	84.8217	341.031	0.00526401
0.891309	84.8217	341.031	0.00526401
0.891475	84.4176	341.01	0.00526455
0.891788	83.6402	340.975	0.00526567
0.891871	83.5882	340.976	0.00526576
