BSA16A_0	66879	16	0	0.0
BSA16A_1	66879	16	0	0.1377537688442211
BSA16A_2	66879	16	0	0.2755075376884422
BSA16A_3	66879	16	0	0.41326130653266335
BSA16A_4	66879	16	0	0.5510150753768844
BSA16A_5	66879	16	0	0.6887688442211055
BSA16A_6	66879	16	0	0.8265226130653267
BSA16A_7	66879	16	0	0.9642763819095477
BSA16A_8	66879	16	0	1.1020301507537689
BSA16A_9	66879	16	0	1.23978391959799
BSA16A_10	66879	16	0	1.377537688442211
BSA16A_11	66879	16	0	1.5152914572864322
BSA16A_12	66879	16	0	1.6530452261306534
BSA16A_13	66879	16	0	1.7907989949748746
BSA16A_14	66879	16	0	1.9285527638190954
BSA16A_15	66879	16	0	2.0663065326633165
BSA16A_16	66879	16	0	2.2040603015075377
BSA16A_17	66879	16	0	2.341814070351759
BSA16A_18	66879	16	0	2.47956783919598
BSA16A_19	66879	16	0	2.617321608040201
BSA16A_20	66879	16	0	2.755075376884422
BSA16A_21	66879	16	0	2.8928291457286432
BSA16A_22	66879	16	0	3.0305829145728644
BSA16A_23	66879	16	0	3.1683366834170856
BSA16A_24	66879	16	0	3.306090452261307
BSA16A_25	66879	16	0	3.443844221105528
BSA16A_26	66879	16	0	3.581597989949749
BSA16A_27	66879	16	0	3.7193517587939695
BSA16A_28	66879	16	0	3.8571055276381907
BSA16A_29	66879	16	0	3.994859296482412
BSA16A_30	66879	16	0	4.132613065326633
BSA16A_31	66879	16	0	4.270366834170854
BSA16A_32	66879	16	0	4.4081206030150755
BSA16A_33	66879	16	0	4.545874371859297
BSA16A_34	66879	16	0	4.683628140703518
BSA16A_35	66879	16	0	4.821381909547739
BSA16A_36	66879	16	0	4.95913567839196
BSA16A_37	66879	16	0	5.096889447236181
BSA16A_38	66879	16	0	5.234643216080402
BSA16A_39	66879	16	0	5.372396984924623
BSA16A_40	66879	16	0	5.510150753768844
BSA16A_41	66879	16	0	5.647904522613065
BSA16A_42	66879	16	0	5.7856582914572865
BSA16A_43	66879	16	0	5.923412060301508
BSA16A_44	66879	16	0	6.061165829145729
BSA16A_45	66879	16	0	6.19891959798995
BSA16A_46	66879	16	0	6.336673366834171
BSA16A_47	66879	16	0	6.4744271356783925
BSA16A_48	66879	16	0	6.612180904522614
BSA16A_49	66879	16	0	6.749934673366835
BSA16A_50	66879	16	0	6.887688442211056
BSA16A_51	66879	16	0	7.025442211055277
BSA16A_52	66879	16	0	7.163195979899498
BSA16A_53	66879	16	0	7.30094974874372
BSA16A_54	66879	16	0	7.438703517587939
BSA16A_55	66879	16	0	7.57645728643216
BSA16A_56	66879	16	0	7.714211055276381
BSA16A_57	66879	16	0	7.851964824120603
BSA16A_58	66879	16	0	7.989718592964824
BSA16A_59	66879	16	0	8.127472361809046
BSA16A_60	66879	16	0	8.265226130653266
BSA16A_61	66879	16	0	8.402979899497486
BSA16A_62	66879	16	0	8.540733668341709
BSA16A_63	66879	16	0	8.678487437185929
BSA16A_64	66879	16	0	8.816241206030151
BSA16A_65	66879	16	0	8.953994974874371
BSA16A_66	66879	16	0	9.091748743718593
BSA16A_67	66879	16	0	9.229502512562814
BSA16A_68	66879	16	0	9.367256281407036
BSA16A_69	66879	16	0	9.505010050251256
BSA16A_70	66879	16	0	9.642763819095478
BSA16A_71	66879	16	0	9.780517587939698
BSA16A_72	66879	16	0	9.91827135678392
BSA16A_73	66879	16	0	10.05602512562814
BSA16A_74	66879	16	0	10.193778894472363
BSA16A_75	66879	16	0	10.331532663316583
BSA16A_76	66879	16	0	10.469286432160803
BSA16A_77	66879	16	0	10.607040201005026
BSA16A_78	66879	16	0	10.744793969849246
BSA16A_79	66879	16	0	10.882547738693468
BSA16A_80	66879	16	0	11.020301507537688
BSA16A_81	66879	16	0	11.15805527638191
BSA16A_82	66879	16	0	11.29580904522613
BSA16A_83	66879	16	0	11.433562814070351
BSA16A_84	66879	16	0	11.571316582914573
BSA16A_85	66879	16	0	11.709070351758793
BSA16A_86	66879	16	0	11.846824120603015
BSA16A_87	66879	16	0	11.984577889447236
BSA16A_88	66879	16	0	12.122331658291458
BSA16A_89	66879	16	0	12.260085427135678
BSA16A_90	66879	16	0	12.3978391959799
BSA16A_91	66879	16	0	12.53559296482412
BSA16A_92	66879	16	0	12.673346733668343
BSA16A_93	66879	16	0	12.811100502512563
BSA16A_94	66879	16	0	12.948854271356785
BSA16A_95	66879	16	0	13.086608040201005
BSA16A_96	66879	16	0	13.224361809045227
BSA16A_97	66879	16	0	13.362115577889448
BSA16A_98	66879	16	0	13.49986934673367
BSA16A_99	66879	16	0	13.63762311557789
BSA16A_100	66879	16	0	13.775376884422112
BSA16A_101	66879	16	0	13.913130653266332
BSA16A_102	66879	16	0	14.050884422110554
BSA16A_103	66879	16	0	14.188638190954775
BSA16A_104	66879	16	0	14.326391959798997
BSA16A_105	66879	16	0	14.464145728643217
BSA16A_106	66879	16	0	14.60189949748744
BSA16A_107	66879	16	0	14.739653266331658
BSA16A_108	66879	16	0	14.877407035175878
BSA16A_109	66879	16	0	15.0151608040201
BSA16A_110	66879	16	0	15.15291457286432
BSA16A_111	66879	16	0	15.290668341708542
BSA16A_112	66879	16	0	15.428422110552763
BSA16A_113	66879	16	0	15.566175879396985
BSA16A_114	66879	16	0	15.703929648241205
BSA16A_115	66879	16	0	15.841683417085427
BSA16A_116	66879	16	0	15.979437185929648
BSA16A_117	66879	16	0	16.117190954773868
BSA16A_118	66879	16	0	16.25494472361809
BSA16A_119	66879	16	0	16.392698492462312
BSA16A_120	66879	16	0	16.530452261306532
BSA16A_121	66879	16	0	16.668206030150753
BSA16A_122	66879	16	0	16.805959798994973
BSA16A_123	66879	16	0	16.943713567839197
BSA16A_124	66879	16	0	17.081467336683417
BSA16A_125	66879	16	0	17.219221105527637
BSA16A_126	66879	16	0	17.356974874371858
BSA16A_127	66879	16	0	17.49472864321608
BSA16A_128	66879	16	0	17.632482412060302
BSA16A_129	66879	16	0	17.770236180904522
BSA16A_130	66879	16	0	17.907989949748742
BSA16A_131	66879	16	0	18.045743718592966
BSA16A_132	66879	16	0	18.183497487437187
BSA16A_133	66879	16	0	18.321251256281407
BSA16A_134	66879	16	0	18.459005025125627
BSA16A_135	66879	16	0	18.59675879396985
BSA16A_136	66879	16	0	18.73451256281407
BSA16A_137	66879	16	0	18.87226633165829
BSA16A_138	66879	16	0	19.010020100502512
BSA16A_139	66879	16	0	19.147773869346736
BSA16A_140	66879	16	0	19.285527638190956
BSA16A_141	66879	16	0	19.423281407035176
BSA16A_142	66879	16	0	19.561035175879397
BSA16A_143	66879	16	0	19.69878894472362
BSA16A_144	66879	16	0	19.83654271356784
BSA16A_145	66879	16	0	19.97429648241206
BSA16A_146	66879	16	0	20.11205025125628
BSA16A_147	66879	16	0	20.249804020100505
BSA16A_148	66879	16	0	20.387557788944726
BSA16A_149	66879	16	0	20.525311557788946
BSA16A_150	66879	16	0	20.663065326633166
BSA16A_151	66879	16	0	20.800819095477387
BSA16A_152	66879	16	0	20.938572864321607
BSA16A_153	66879	16	0	21.07632663316583
BSA16A_154	66879	16	0	21.21408040201005
BSA16A_155	66879	16	0	21.35183417085427
BSA16A_156	66879	16	0	21.48958793969849
BSA16A_157	66879	16	0	21.627341708542716
BSA16A_158	66879	16	0	21.765095477386936
BSA16A_159	66879	16	0	21.902849246231156
BSA16A_160	66879	16	0	22.040603015075376
BSA16A_161	66879	16	0	22.1783567839196
BSA16A_162	66879	16	0	22.31611055276382
BSA16A_163	66879	16	0	22.45386432160804
BSA16A_164	66879	16	0	22.59161809045226
BSA16A_165	66879	16	0	22.729371859296485
BSA16A_166	66879	16	0	22.867125628140702
BSA16A_167	66879	16	0	23.004879396984926
BSA16A_168	66879	16	0	23.142633165829146
BSA16A_169	66879	16	0	23.28038693467337
BSA16A_170	66879	16	0	23.418140703517587
BSA16A_171	66879	16	0	23.555894472361807
BSA16A_172	66879	16	0	23.69364824120603
BSA16A_173	66879	16	0	23.83140201005025
BSA16A_174	66879	16	0	23.96915577889447
BSA16A_175	66879	16	0	24.10690954773869
BSA16A_176	66879	16	0	24.244663316582916
BSA16A_177	66879	16	0	24.382417085427132
BSA16A_178	66879	16	0	24.520170854271356
BSA16A_179	66879	16	0	24.657924623115576
BSA16A_180	66879	16	0	24.7956783919598
BSA16A_181	66879	16	0	24.933432160804017
BSA16A_182	66879	16	0	25.07118592964824
BSA16A_183	66879	16	0	25.20893969849246
BSA16A_184	66879	16	0	25.346693467336685
BSA16A_185	66879	16	0	25.484447236180902
BSA16A_186	66879	16	0	25.622201005025126
BSA16A_187	66879	16	0	25.759954773869346
BSA16A_188	66879	16	0	25.89770854271357
BSA16A_189	66879	16	0	26.035462311557787
BSA16A_190	66879	16	0	26.17321608040201
BSA16A_191	66879	16	0	26.31096984924623
BSA16A_192	66879	16	0	26.448723618090455
BSA16A_193	66879	16	0	26.58647738693467
BSA16A_194	66879	16	0	26.724231155778895
BSA16A_195	66879	16	0	26.861984924623115
BSA16A_196	66879	16	0	26.99973869346734
BSA16A_197	66879	16	0	27.137492462311556
BSA16A_198	66879	16	0	27.27524623115578
BSA16A_199	66879	16	0	27.413
