[PARAMETERS]
g, dg, a, da, c, dc, t0, dt0
0.978428,0.225806,1.01879,0.227181,0.488554,0.200584,5.75876e-05,0.00227736

[DIAGNOSTICS]
ID,Mass,Z,Mobility,Alpha,Gamma,Model Vel.,Exp. Vel.,Error %

[CALIBRATED DATA]
ID,Mass,Z,Drift,CCS,CCS Std.Dev.
BSA17C_1,66879,17,0.000137754,49074.9,47983
BSA17C_2,66879,17,0.000275508,45231.1,47599.1
BSA17C_3,66879,17,0.000413261,42345.4,47107.1
BSA17C_4,66879,17,0.000551015,41461.9,46838.9
BSA17C_5,66879,17,0.000688769,40560.4,46568.1
BSA17C_6,66879,17,0.000826523,38729.3,45986.8
BSA17C_7,66879,17,0.000964276,36848.6,45362.4
BSA17C_8,66879,17,0.00110203,35969.7,44973.5
BSA17C_9,66879,17,0.00123978,34079.8,44224.7
BSA17C_10,66879,17,0.00137754,30262.6,42456.2
BSA17C_11,66879,17,0.00151529,28359.9,41411
BSA17C_12,66879,17,0.00165305,25501.9,39620.4
BSA17C_13,66879,17,0.0017908,23655.3,38231.5
BSA17C_14,66879,17,0.00192855,23761.1,38178.2
BSA17C_15,66879,17,0.00206631,23898.1,38107.4
BSA17C_16,66879,17,0.00220406,24019.3,38044.6
BSA17C_17,66879,17,0.00234181,22137.1,36541.3
BSA17C_18,66879,17,0.00247957,21246.5,35706.1
BSA17C_19,66879,17,0.00261732,20352.3,34830.2
BSA17C_20,66879,17,0.00275508,19484.4,33895
BSA17C_21,66879,17,0.00289283,17605.8,31932.1
BSA17C_22,66879,17,0.00303058,17738,31878.5
BSA17C_23,66879,17,0.00316834,14890.5,28466.9
BSA17C_24,66879,17,0.00330609,14026.5,27139.8
BSA17C_25,66879,17,0.00344384,14117.9,27112.3
BSA17C_26,66879,17,0.0035816,12293.7,24180.7
BSA17C_27,66879,17,0.00371935,10437.5,20692.2
BSA17C_28,66879,17,0.00385711,8562.25,16279.9
BSA17C_29,66879,17,0.00399486,8685.61,16253.8
BSA17C_30,66879,17,0.00413261,8815.81,16225.1
BSA17C_31,66879,17,0.00427037,8941.15,16197.1
BSA17C_32,66879,17,0.00440812,9047.03,16178.1
BSA17C_33,66879,17,0.00454587,8158.3,13353.8
BSA17C_34,66879,17,0.00468363,7271.66,9658.84
BSA17C_35,66879,17,0.00482138,7365.65,9652.7
BSA17C_36,66879,17,0.00495914,6484.87,2586.49
BSA17C_37,66879,17,0.00509689,6603.03,2556.87
BSA17C_38,66879,17,0.00523464,6699.8,2561.53
BSA17C_39,66879,17,0.0053724,6817.26,2532.19
BSA17C_40,66879,17,0.00551015,6914.46,2532.35
BSA17C_41,66879,17,0.0056479,7008.63,2536.41
BSA17C_42,66879,17,0.00578566,7101.49,2541.2
BSA17C_43,66879,17,0.00592341,7205.32,2527.79
BSA17C_44,66879,17,0.00606117,7296.97,2531.8
BSA17C_45,66879,17,0.00619892,7387.46,2536.57
BSA17C_46,66879,17,0.00633667,7482.6,2530.87
BSA17C_47,66879,17,0.00647443,7572.01,2534.49
BSA17C_48,66879,17,0.00661218,7659.99,2538.98
BSA17C_49,66879,17,0.00674993,7746.84,2544.3
BSA17C_50,66879,17,0.00688769,7832.58,2550.15
BSA17C_51,66879,17,0.00702544,7917.28,2556.42
BSA17C_52,66879,17,0.0071632,8018.81,2532.43
BSA17C_53,66879,17,0.00730095,8102.52,2537.95
BSA17C_54,66879,17,0.0074387,8185.33,2543.79
BSA17C_55,66879,17,0.00757646,8267.24,2549.97
BSA17C_56,66879,17,0.00771421,8348.31,2556.56
BSA17C_57,66879,17,0.00785196,8428.53,2563.39
BSA17C_58,66879,17,0.00798972,8507.89,2570.51
BSA17C_59,66879,17,0.00812747,8586.49,2577.83
BSA17C_60,66879,17,0.00826523,8664.37,2585.51
BSA17C_61,66879,17,0.00840298,8741.53,2593.41
BSA17C_62,66879,17,0.00854073,8817.88,2601.44
BSA17C_63,66879,17,0.00867849,8893.64,2609.71
BSA17C_64,66879,17,0.00881624,8968.63,2618.07
BSA17C_65,66879,17,0.00895399,9042.93,2626.65
BSA17C_66,66879,17,0.00909175,9116.65,2635.45
BSA17C_67,66879,17,0.0092295,9189.78,2644.43
BSA17C_68,66879,17,0.00936726,9262.19,2653.43
BSA17C_69,66879,17,0.00950501,9334.09,2662.59
BSA17C_70,66879,17,0.00964276,9405.43,2671.93
BSA17C_71,66879,17,0.00978052,9476.19,2681.23
BSA17C_72,66879,17,0.00991827,9546.46,2690.8
BSA17C_73,66879,17,0.010056,9616.16,2700.39
BSA17C_74,66879,17,0.0101938,9685.25,2709.96
BSA17C_75,66879,17,0.0103315,9753.93,2719.69
BSA17C_76,66879,17,0.0104693,9822.15,2729.58
BSA17C_77,66879,17,0.010607,9889.85,2739.5
BSA17C_78,66879,17,0.0107448,9957.08,2749.48
BSA17C_79,66879,17,0.0108825,10023.8,2759.43
BSA17C_80,66879,17,0.0110203,10090,2769.52
BSA17C_81,66879,17,0.0111581,10155.9,2779.67
BSA17C_82,66879,17,0.0112958,10221.2,2789.86
BSA17C_83,66879,17,0.0114336,10286.1,2799.95
BSA17C_84,66879,17,0.0115713,10350.6,2810.25
BSA17C_85,66879,17,0.0117091,10414.7,2820.53
BSA17C_86,66879,17,0.0118468,10478.4,2830.87
BSA17C_87,66879,17,0.0119846,10541.7,2841.2
BSA17C_88,66879,17,0.0121223,10604.7,2851.57
BSA17C_89,66879,17,0.0122601,10667.2,2861.95
BSA17C_90,66879,17,0.0123978,10729.3,2872.27
BSA17C_91,66879,17,0.0125356,10791.2,2882.68
BSA17C_92,66879,17,0.0126733,10852.7,2893.16
BSA17C_93,66879,17,0.0128111,10913.8,2903.68
BSA17C_94,66879,17,0.0129489,10974.5,2914.12
BSA17C_95,66879,17,0.0130866,11035,2924.63
BSA17C_96,66879,17,0.0132244,11095,2935.11
BSA17C_97,66879,17,0.0133621,11154.7,2945.59
BSA17C_98,66879,17,0.0134999,11214.2,2956.01
BSA17C_99,66879,17,0.0136376,11273.3,2966.58
BSA17C_100,66879,17,0.0137754,11332,2977.09
BSA17C_101,66879,17,0.0139131,11390.5,2987.56
BSA17C_102,66879,17,0.0140509,11448.7,2998.08
BSA17C_103,66879,17,0.0141886,11506.5,3008.58
BSA17C_104,66879,17,0.0143264,11564,3019.07
BSA17C_105,66879,17,0.0144641,11621.3,3029.6
BSA17C_106,66879,17,0.0146019,11678.2,3040.07
BSA17C_107,66879,17,0.0147397,11734.9,3050.47
BSA17C_108,66879,17,0.0148774,11791.4,3060.96
BSA17C_109,66879,17,0.0150152,11847.6,3071.46
BSA17C_110,66879,17,0.0151529,11903.4,3081.96
BSA17C_111,66879,17,0.0152907,11959.1,3092.42
BSA17C_112,66879,17,0.0154284,12014.5,3102.87
BSA17C_113,66879,17,0.0155662,12069.6,3113.3
BSA17C_114,66879,17,0.0157039,12124.5,3123.74
BSA17C_115,66879,17,0.0158417,12179.1,3134.19
BSA17C_116,66879,17,0.0159794,12233.5,3144.66
BSA17C_117,66879,17,0.0161172,12287.5,3155.06
BSA17C_118,66879,17,0.0162549,12341.4,3165.39
BSA17C_119,66879,17,0.0163927,12395,3175.76
BSA17C_120,66879,17,0.0165305,12448.4,3186.06
BSA17C_121,66879,17,0.0166682,12501.5,3196.42
BSA17C_122,66879,17,0.016806,12554.5,3206.75
BSA17C_123,66879,17,0.0169437,12607.2,3217.1
BSA17C_124,66879,17,0.0170815,12659.7,3227.43
BSA17C_125,66879,17,0.0172192,12712.1,3237.73
BSA17C_126,66879,17,0.017357,12764.1,3247.99
BSA17C_127,66879,17,0.0174947,12815.9,3258.22
BSA17C_128,66879,17,0.0176325,12867.6,3268.42
BSA17C_129,66879,17,0.0177702,12919.1,3278.66
BSA17C_130,66879,17,0.017908,12970.4,3288.86
BSA17C_131,66879,17,0.0180457,13021.3,3299.02
BSA17C_132,66879,17,0.0181835,13072.1,3309.14
BSA17C_133,66879,17,0.0183213,13122.7,3319.29
BSA17C_134,66879,17,0.018459,13173.1,3329.35
BSA17C_135,66879,17,0.0185968,13223.3,3339.45
BSA17C_136,66879,17,0.0187345,13273.4,3349.61
BSA17C_137,66879,17,0.0188723,13323.2,3359.76
BSA17C_138,66879,17,0.01901,13372.8,3369.77
BSA17C_139,66879,17,0.0191478,13422.2,3379.77
BSA17C_140,66879,17,0.0192855,13471.5,3389.82
BSA17C_141,66879,17,0.0194233,13520.5,3399.84
BSA17C_142,66879,17,0.019561,13569.4,3409.76
BSA17C_143,66879,17,0.0196988,13618.2,3419.73
BSA17C_144,66879,17,0.0198365,13666.7,3429.68
BSA17C_145,66879,17,0.0199743,13715.1,3439.52
BSA17C_146,66879,17,0.0201121,13763.3,3449.52
BSA17C_147,66879,17,0.0202498,13811.3,3459.44
BSA17C_148,66879,17,0.0203876,13859.2,3469.35
BSA17C_149,66879,17,0.0205253,13906.8,3479.22
BSA17C_150,66879,17,0.0206631,13954.4,3489.05
BSA17C_151,66879,17,0.0208008,14001.8,3498.99
BSA17C_152,66879,17,0.0209386,14049.1,3508.81
BSA17C_153,66879,17,0.0210763,14096.1,3518.59
BSA17C_154,66879,17,0.0212141,14143.1,3528.38
BSA17C_155,66879,17,0.0213518,14189.8,3538.16
BSA17C_156,66879,17,0.0214896,14236.4,3547.88
BSA17C_157,66879,17,0.0216273,14282.9,3557.58
BSA17C_158,66879,17,0.0217651,14329.2,3567.22
BSA17C_159,66879,17,0.0219028,14375.3,3576.88
BSA17C_160,66879,17,0.0220406,14421.2,3586.57
BSA17C_161,66879,17,0.0221784,14467.1,3596.2
BSA17C_162,66879,17,0.0223161,14512.8,3605.77
BSA17C_163,66879,17,0.0224539,14558.4,3615.46
BSA17C_164,66879,17,0.0225916,14603.8,3625.05
BSA17C_165,66879,17,0.0227294,14649.1,3634.62
BSA17C_166,66879,17,0.0228671,14694.3,3644.21
BSA17C_167,66879,17,0.0230049,14739.2,3653.68
BSA17C_168,66879,17,0.0231426,14784,3663.17
BSA17C_169,66879,17,0.0232804,14828.8,3672.61
BSA17C_170,66879,17,0.0234181,14873.3,3682.11
BSA17C_171,66879,17,0.0235559,14917.8,3691.55
BSA17C_172,66879,17,0.0236936,14962.1,3701.02
BSA17C_173,66879,17,0.0238314,15006.3,3710.48
BSA17C_174,66879,17,0.0239692,15050.4,3719.94
BSA17C_175,66879,17,0.0241069,15094.2,3729.31
BSA17C_176,66879,17,0.0242447,15138,3738.66
BSA17C_177,66879,17,0.0243824,15181.7,3747.83
BSA17C_178,66879,17,0.0245202,15225.3,3757.14
BSA17C_179,66879,17,0.0246579,15268.8,3766.5
BSA17C_180,66879,17,0.0247957,15312.1,3775.77
BSA17C_181,66879,17,0.0249334,15355.2,3785.03
BSA17C_182,66879,17,0.0250712,15398.2,3794.29
BSA17C_183,66879,17,0.0252089,15441.1,3803.52
BSA17C_184,66879,17,0.0253467,15483.8,3812.69
BSA17C_185,66879,17,0.0254844,15526.6,3821.95
BSA17C_186,66879,17,0.0256222,15569.1,3831.12
BSA17C_187,66879,17,0.02576,15611.6,3840.2
BSA17C_188,66879,17,0.0258977,15653.9,3849.29
BSA17C_189,66879,17,0.0260355,15696.2,3858.41
BSA17C_190,66879,17,0.0261732,15738.2,3867.53
BSA17C_191,66879,17,0.026311,15780.2,3876.61
BSA17C_192,66879,17,0.0264487,15822.1,3885.76
BSA17C_193,66879,17,0.0265865,15863.8,3894.83
BSA17C_194,66879,17,0.0267242,15905.6,3904.1
BSA17C_195,66879,17,0.026862,15947.2,3913.11
BSA17C_196,66879,17,0.0269997,15988.7,3922.11
BSA17C_197,66879,17,0.0271375,16030,3931.15
BSA17C_198,66879,17,0.0272752,16071.3,3940.09
BSA17C_199,66879,17,0.027413,16112.4,3949
