zz	base	dV_V
-0.180000000    -4000.000000    0.000000000
-0.010045757	-53.28478535	0.944190147
-0.010039134	-53.13098855	0.944226942
-0.010031356	-52.95037239	0.944270153
-0.009954148	-51.15744069	0.944699094
-0.009870922	-49.22474222	0.945161452
-0.009864299	-49.07094525	0.945198244
-0.009856522	-48.89032888	0.945241451
-0.009779314	-47.09739509	0.94567035
-0.009696088	-45.16469437	0.946132663
-0.00969107	-45.04818142	0.946160534
-0.009685178	-44.91135082	0.946193267
-0.009645405	-43.9877179	0.946414208
-0.00960253	-42.99208486	0.946652383
-0.009599119	-42.91285613	0.946671337
-0.009595112	-42.81981135	0.946693596
-0.009555338	-41.89617949	0.94691456
-0.009512464	-40.9005476	0.947152762
-0.009509052	-40.82131895	0.947171717
-0.009505046	-40.72827428	0.947193978
-0.009465272	-39.80464348	0.947414966
-0.009422398	-38.80901272	0.947653193
-0.009417381	-38.69249997	0.947681068
-0.009411489	-38.55566953	0.947713805
-0.009334281	-36.76273891	0.94814279
-0.009251055	-34.83004199	0.948605193
-0.009244432	-34.67624516	0.948641989
-0.009236654	-34.49562896	0.9486852
-0.009159446	-32.70269702	0.949114139
-0.00907622	-30.76999867	0.949576492
-0.009069597	-30.61620172	0.949613284
-0.00906182	-30.43558539	0.94965649
-0.008984612	-28.64265212	0.950085383
-0.008901386	-26.70995234	0.950547685
-0.008896368	-26.59343945	0.950575556
-0.008890476	-26.45660886	0.950608288
-0.008850703	-25.53297608	0.950829212
-0.008807828	-24.53734297	0.951067371
-0.008804417	-24.45811422	0.951086323
-0.00880041	-24.36506943	0.951108581
-0.008760636	-23.44143726	0.951329532
-0.008717762	-22.44580482	0.951567721
-0.008714351	-22.36657612	0.951586676
-0.008710344	-22.27353138	0.951608936
-0.00867057	-21.34989983	0.951829915
-0.008627696	-20.35426806	0.952068134
-0.008622679	-20.2377553	0.95209601
-0.008616787	-20.10092484	0.952128748
-0.008539579	-18.30799341	0.952557741
-0.008456353	-16.375296	0.953020155
-0.00844973	-16.22149914	0.953056951
-0.008441952	-16.04088292	0.953100164
-0.008364744	-14.24795093	0.953529116
-0.008281518	-12.31525293	0.953991486
-0.008274895	-12.16145602	0.954028279
-0.008267118	-11.98083974	0.954071487
-0.00818991	-10.1879072	0.954500398
-0.008106684	-8.255208594	0.954962724
-0.008101666	-8.138695765	0.954990596
-0.008095774	-8.001865233	0.955023329
-0.008056001	-7.078233271	0.955244262
-0.008013127	-6.082600801	0.955482426
-0.008009715	-6.003372088	0.955501378
-0.008005708	-5.910327335	0.955523636
-0.007965934	-4.986695483	0.955744586
-0.00792306	-3.991063132	0.955982768
-0.007919649	-3.911834429	0.956001722
-0.007915642	-3.818789686	0.956023981
-0.007875868	-2.895157944	0.956244948
-0.007832994	-1.899525711	0.956483148
-0.007827977	-1.783012918	0.956511023
-0.007822085	-1.64618241	0.956543758
-0.007763594	-0.287900572	0.956868726
-0.007700544	1.176264448	0.95721902
-0.007695526	1.292777235	0.957246895
-0.007689634	1.429607727	0.957279631
-0.007631144	2.787889637	0.957604588
-0.007568093	4.252054734	0.95795487
-0.007563076	4.368567528	0.957982744
-0.007557184	4.505398026	0.958015479
-0.007498693	5.863680009	0.958340424
-0.007435643	7.327845183	0.958690695
-0.007430626	7.444357993	0.958718569
-0.007424734	7.581188537	0.958751305
-0.007347526	9.374121511	0.959180283
-0.0072643	11.30682008	0.959642685
-0.007257677	11.46061701	0.95967948
-0.007249899	11.64123331	0.959722692
-0.007172691	13.43416583	0.960151636
-0.007089465	15.3668639	0.960614002
-0.007082842	15.52066079	0.960650795
-0.007075065	15.70127705	0.960694003
-0.006997857	17.4942091	0.961122915
-0.006914631	19.42690669	0.961585245
-0.006909614	19.54341946	0.961613117
-0.006903721	19.68024999	0.961645852
-0.006863948	20.60388181	0.961866811
-0.006821074	21.59951412	0.962104994
-0.006817662	21.67874282	0.962123948
-0.006813655	21.77178755	0.962146207
-0.006773881	22.69541923	0.962367164
-0.006731007	23.69105137	0.962605344
-0.006727596	23.77028005	0.962624298
-0.006723589	23.86332477	0.962646556
-0.006683815	24.78695629	0.962867512
-0.006640941	25.78258827	0.96310569
-0.006635924	25.89910108	0.963133564
-0.006630032	26.03593164	0.9631663
-0.006552824	27.82886599	0.963595305
-0.006469598	29.76156568	0.96405773
-0.006462975	29.91536267	0.964094527
-0.006455197	30.09597906	0.964137741
-0.006377989	31.88891219	0.9645667
-0.006294763	33.82161055	0.965029077
-0.00628814	33.97540744	0.96506587
-0.006280363	34.1560237	0.965109079
-0.006203155	35.94895561	0.965537994
-0.006119929	37.88165265	0.966000322
-0.006114912	37.99816542	0.966028194
-0.006109019	38.13499585	0.966060926
-0.006069246	39.05862627	0.966281851
-0.006026372	40.05425743	0.966520006
-0.00602296	40.13348605	0.966538958
-0.006018953	40.22653071	0.966561215
-0.005979179	41.15016171	0.966782157
-0.005936305	42.14579349	0.967020331
-0.005932894	42.22502217	0.967039284
-0.005928887	42.31806688	0.967061542
-0.005889113	43.24169846	0.967282501
-0.005846239	44.23733087	0.967520694
-0.005841222	44.35384365	0.967548567
-0.00583533	44.49067417	0.967581302
-0.005794386	45.44147187	0.967808772
-0.005750251	46.46638774	0.968053974
-0.005746126	46.56216912	0.968076889
-0.005742614	46.64372809	0.968096401
-0.005701671	47.59452568	0.968323871
-0.005657536	48.61944144	0.968569072
-0.005653411	48.71522281	0.968591987
-0.005649899	48.79678177	0.968611499
-0.005608956	49.74757925	0.968838969
-0.005564821	50.7724949	0.969084171
-0.005559803	50.88900785	0.969112048
-0.005553911	51.02583862	0.969144786
-0.005477873	52.79160817	0.969567272
-0.005395908	54.69502514	0.970022674
-0.005389385	54.84649192	0.970058913
-0.005381726	55.02437173	0.97010147
-0.005305688	56.79013943	0.97052392
-0.005223723	58.69355441	0.970979284
-0.0052172	58.84502102	0.971015519
-0.00520954	59.02290065	0.971058073
-0.005133502	60.7886665	0.971480487
-0.005051537	62.69207948	0.971935812
-0.00504652	62.80859215	0.971963683
-0.005040628	62.94542272	0.971996418
-0.004999684	63.89621964	0.972223872
-0.004955549	64.92113479	0.972469058
-0.004951424	65.0169161	0.972491971
-0.004947912	65.09847503	0.972511482
-0.004906969	66.04927205	0.972738939
-0.004862834	67.07418733	0.972984128
-0.004858709	67.16996865	0.973007042
-0.004855197	67.25152759	0.973026554
-0.004814254	68.20232473	0.973254014
-0.004770119	69.22724013	0.973499206
-0.004765101	69.34375288	0.97352708
-0.004728837	70.18588779	0.97372855
-0.004689746	71.09367031	0.973945725
-0.004686635	71.16590825	0.973963007
-0.004682982	71.25074317	0.973983303
-0.004646718	72.09287805	0.974184772
-0.004607627	73.00066054	0.974401945
-0.004604516	73.07289848	0.974419227
-0.004600863	73.1577334	0.974439523
-0.004564599	73.99986825	0.974640991
-0.004525508	74.90765071	0.974858163
-0.004519615	75.04448129	0.974890898
-0.004479842	75.96811406	0.975111874
-0.004436968	76.96374762	0.975350077
-0.004433556	77.04297642	0.975369033
-0.004429549	77.13602128	0.975391294
-0.004389775	78.05965423	0.975612272
-0.004346901	79.05528797	0.975850478
-0.00434349	79.13451679	0.975869433
-0.004339483	79.22756167	0.975891694
-0.004299709	80.15119479	0.976112675
-0.004256835	81.14682873	0.976350883
-0.004251818	81.26334164	0.976378759
-0.004245926	81.40017211	0.976411493
-0.004187435	82.75845281	0.976736428
-0.004124385	84.22261696	0.977086691
-0.004119367	84.33912963	0.977114563
-0.004113475	84.47596003	0.977147296
-0.004054985	85.83424026	0.977472225
-0.003991934	87.2984039	0.97782248
-0.003986917	87.41491653	0.977850352
-0.003981025	87.55174687	0.977883084
-0.003922534	88.91002664	0.978208006
-0.003859484	90.37418977	0.978558255
-0.003854467	90.49070215	0.978586126
-0.003848575	90.62753287	0.978618861
-0.003771368	92.42045036	0.979047834
-0.003688142	94.35313545	0.979510227
-0.003681519	94.50693094	0.979547021
-0.003673742	94.68754588	0.979590232
-0.003596535	96.48045943	0.980019161
-0.003513309	98.41314027	0.980481508
-0.003506687	98.56693542	0.980518298
-0.003498909	98.74754996	0.980561505
-0.003421702	100.5404596	0.980990391
-0.003338477	102.4731362	0.981452691
-0.003333459	102.5896469	0.981480561
-0.003327567	102.7264781	0.981513293
-0.003287793	103.6501153	0.981734222
-0.003244918	104.6457699	0.98197239
-0.003241506	104.7249996	0.981991342
-0.003237499	104.8180465	0.982013601
-0.003197725	105.7416861	0.982234555
-0.00315485	106.7373433	0.982472749
-0.003151438	106.8165731	0.982491705
-0.003147431	106.9096203	0.982513965
-0.003107657	107.8332623	0.982734945
-0.003064782	108.8289221	0.982973167
-0.003059765	108.9454251	0.983001039
-0.003053873	109.0822618	0.983033777
-0.002995385	110.4404804	0.983358736
-0.002932332	111.9047111	0.983709055
-0.002927315	112.0212212	0.98373693
-0.002921423	112.1580578	0.983769669
-0.002862935	113.5162757	0.98409462
-0.002799882	114.9805055	0.98444493
-0.002794865	115.0970157	0.984472805
-0.002788972	115.2338522	0.984505542
-0.002730484	116.5920693	0.984830485
-0.002667432	118.0562983	0.985180788
-0.002662417	118.1727523	0.985208648
-0.002656523	118.3096183	0.985241392
-0.002579492	120.0984486	0.985669379
-0.002496411	122.0277834	0.986130964
-0.002489802	122.1812508	0.986167679
-0.002482038	122.3615526	0.986210815
-0.002405007	124.1503783	0.986638763
-0.002321926	126.0797082	0.987100305
-0.002315317	126.2331752	0.987137017
-0.002307553	126.4134766	0.987180148
-0.002230522	128.2022977	0.987608057
-0.002147441	130.1316226	0.988069558
-0.00214244	130.247753	0.988097336
-0.002136539	130.384795	0.988130119
-0.002096681	131.3103841	0.988351516
-0.002053574	132.3114237	0.988590974
-0.002050152	132.3908911	0.988609984
-0.002046123	132.4844413	0.988632363
-0.002006265	133.4100336	0.988853788
-0.001963158	134.4110769	0.989093276
-0.001959736	134.4905446	0.989112289
-0.001955707	134.5840951	0.98913467
-0.001915849	135.5096908	0.989356123
-0.001872742	136.5107376	0.989595642
-0.001867815	136.6251474	0.989623014
-0.001861869	136.7632434	0.989656055
-0.001804777	138.0890512	0.989973262
-0.001742009	139.5466679	0.990322003
-0.001737085	139.6610092	0.990349359
-0.001731219	139.7972277	0.99038195
-0.001674127	141.1230347	0.990699153
-0.001611359	142.5806505	0.991047889
-0.001606435	142.6949918	0.991075245
-0.001600569	142.8312102	0.991107835
-0.001543477	144.1570163	0.991425034
-0.001480709	145.6146312	0.991773765
-0.001476217	145.7189591	0.991798726
-0.001470005	145.863196	0.991833233
-0.001414946	147.1417933	0.992139119
-0.001348293	148.6896368	0.99250941
-0.001343405	148.8031408	0.992536564
-0.001337176	148.9477914	0.992571168
-0.001282117	150.2263898	0.992877042
-0.001215464	151.7742346	0.993247319
-0.001210576	151.8877388	0.993274471
-0.001204347	152.0323894	0.993309075
-0.001149288	153.310989	0.993614936
-0.001082634	154.8588351	0.993985199
-0.001077913	154.9684612	0.994011423
-0.001071621	155.1145397	0.99404637
-0.001011162	156.5185655	0.994382268
-0.000935762	158.2690601	0.994801051
-0.000930342	158.3948718	0.994831149
-0.000923296	158.5584277	0.994870277
-0.000862837	159.961556	0.995205953
-0.000787437	161.710931	0.995624457
-0.000782017	161.8366622	0.995654536
-0.000774971	162.0001135	0.995693638
-0.000714512	163.4023443	0.996029091
-0.000639112	165.1505998	0.996447317
-0.00063404	165.2680044	0.996475402
-0.00062939	165.3745726	0.996500898
-0.000624724	165.4812694	0.996526426
-0.000600446	166.0615825	0.996665274
-0.00057589	166.6426299	0.996804297
-0.000470809	169.058162	0.997382226
-0.000468557	169.1088568	0.997394355
-0.000451491	169.4916843	0.997485946
-0.000434158	169.8778674	0.997578338
-0.000303394	172.7062886	0.998255002
-0.00029636	172.8541664	0.998290379
-0.000278803	173.2213863	0.998378227
-0.00023741	174.0764557	0.998582779
-0.000135979	176.1079755	0.999068744
-0.000125983	176.2658824	0.999106517
-0.000113074	176.466541	0.999154517
-8.92069E-05	176.751418	0.999222662
-1.08439E-05	177.8650851	0.999489102
-8.289E-07	177.9870296	0.999518275
1.64971E-05	178.1870638	0.99956613
4.74451E-05	178.5099432	0.999643372
0.000142085	179.2234591	0.999814048
0.000147518	179.2518943	0.999820849
0.000169093	179.3513759	0.99984464
0.000184097	179.4079181	0.999858161
0.000295014	179.5040702	0.999881096
0.000296452	179.5120349	0.999883002
0.000296565	179.5127175	0.999883165
0.000310244	179.5970424	0.999903338
0.000312039	179.6005711	0.999904183
0.000324899	179.6253753	0.999910117
0.000335354	179.6487256	0.999915708
0.000453207	179.8024627	0.999952604
0.00048825	179.8396377	0.999961486
0.000512087	179.8626882	0.99996698
0.000519237	179.8692492	0.999968542
0.000586794	179.923191	0.999981328
0.000676805	179.9722824	0.999992799
0.000686398	179.9759189	0.999993632
0.000709207	179.9833305	0.999995311
0.000749938	179.9922419	0.999997254
0.000860977	179.9883695	0.999995673
0.00086551	179.9891734	0.999995817
0.00088309	179.9918688	0.999995892
0.000891271	179.9924114	0.9999956
0.00095352	179.9946145	0.99999724
0.001014196	179.9963953	0.999993642
0.001031535	179.9968376	0.999991672
0.001041527	179.9970791	0.999990346
0.001095749	179.9982185	0.999980726
0.001172446	179.9993364	0.999960125
0.00118165	179.9994317	0.999957102
0.001191783	179.9995269	0.999953638
0.001229412	179.9997923	0.99993952
0.001330696	179.9998149	0.99989172
0.001331547	179.9998187	0.999891147
0.001334945	179.9998273	0.999886124
0.00133942	179.9998389	0.999879733
0.00141616	179.9998139	0.999743178
0.001419736	179.9998114	0.999733797
0.001425555	179.9998069	0.999717959
0.001426233	179.9998064	0.999716068
0.00150377	179.999715	0.999436004
0.001506629	179.9997105	0.999423264
0.001512506	179.999701	0.999396535
0.001513045	179.9997001	0.999394043
0.001591381	179.9995409	0.998967545
0.001593522	179.9995357	0.998954079
0.001593983	179.9995336	0.99894848
0.00159868	179.9995071	0.998880119
0.001606116	179.9994937	0.998842595
0.001648607	179.9993808	0.998538001
0.001687611	179.9992153	0.998107924
0.001709765	179.9990972	0.997805079
0.001717642	179.9990514	0.997688117
0.001720388	179.999035	0.997646195
0.00174656	179.998866	0.997216962
0.001818016	179.9982916	0.995771323
0.00183377	179.9981426	0.995398667
0.001847135	179.99801	0.995067236
0.001893958	179.9974996	0.993795548
0.001926267	179.997106	0.992817666
0.001956508	179.9967622	0.991950451
0.001963592	179.9966825	0.991749132
0.001968095	179.9966316	0.991620751
0.001980666	179.9964752	0.991228245
0.001997528	179.9962571	0.990679518
0.002014589	179.9960292	0.990103598
0.002021038	179.9959409	0.989880345
0.002054724	179.9954612	0.988666351
0.002066534	179.9952859	0.988222537
0.002130199	179.9942762	0.985667094
0.002152707	179.9938932	0.984697926
0.002170196	179.9935863	0.983921125
0.002198867	179.9930654	0.982602795
0.00223967	179.9922861	0.980630495
0.002250689	179.9920681	0.980078529
0.002299677	179.9910186	0.977409208
0.002302815	179.990948	0.977229767
0.002374367	179.9892299	0.972862345
0.00237668	179.9891724	0.972716914
0.002457134	179.987008	0.96722075
0.00246021	179.9869189	0.966993775
0.002498543	179.9857699	0.964061374
0.00255696	179.9838797	0.959222171
0.002574891	179.9832658	0.957647089
0.002575994	179.9832278	0.957549793
0.002615672	179.9818243	0.953951828
0.002623497	179.981535	0.953205536
0.002657907	179.9802209	0.949812661
0.002669395	179.9797671	0.948639724
0.002671541	179.9796814	0.94841807
0.002687303	179.9790438	0.946769108
0.00272596	179.9774207	0.942567789
0.002740802	179.976775	0.940895547
0.002750226	179.9763622	0.939821798
0.002777138	179.9751532	0.936668681
0.002791487	179.9744905	0.934934968
0.002801254	179.9740322	0.933733952
0.002832676	179.9725245	0.92980734
0.002913863	179.9683483	0.918802405
0.002997526	179.963621	0.906165381
0.003090482	179.9578641	0.890581106
0.003118514	179.9560239	0.885562684
0.003126714	179.9554765	0.88406669
0.003170904	179.9524759	0.875686015
0.003199879	179.9504386	0.869967555
0.003203682	179.9501672	0.869203908
0.0032641	179.9458055	0.856732267
0.00334929	179.9393371	0.837676926
0.003383302	179.9366416	0.829620137
0.003417523	179.9338886	0.821252409
0.003418043	179.9338466	0.82112325
0.003526994	179.9247885	0.792706966
0.003553916	179.9224754	0.78527492
0.003554682	179.9224092	0.78506111
0.003564251	179.9215796	0.782378733
0.003600502	179.9184028	0.772030539
0.00369293	179.9100599	0.744312245
0.003720295	179.9075227	0.735738119
0.003794006	179.9006517	0.711410895
0.003840228	179.8964768	0.695866847
0.003889034	179.8921804	0.679211972
0.003909076	179.8904493	0.672300655
0.003931812	179.8885089	0.664409471
0.003943232	179.8875438	0.6604257
0.00396783	179.8854862	0.651798265
0.004063697	179.8777453	0.617571387
0.00414333	179.8716523	0.588411601
0.004216226	179.8663427	0.561138249
0.004260986	179.8632095	0.544117004
0.004279866	179.8619434	0.536764455
0.004340025	179.8581753	0.513726217
0.004358481	179.8568835	0.506955384
0.004456288	179.8508546	0.469908086
0.004548723	179.8453285	0.434910892
0.004558857	179.8446943	0.431139161
0.004579324	179.8433965	0.423561435
0.004725024	179.83375	0.371116104
0.004759789	179.8313833	0.358908412
0.004765238	179.83101	0.357005476
0.004776214	179.8302563	0.353181555
0.004860144	179.8244104	0.324329808
0.004944457	179.8183908	0.296038357
0.0049762	179.8160862	0.285566576
0.005003396	179.8140705	0.276964421
0.005026726	179.812101	0.269719008
0.005051872	179.8097296	0.262048332
0.00508154	179.8066003	0.253183034
0.005147587	179.7983446	0.234165875
0.005154419	179.7973892	0.232255363
0.005216801	179.7877842	0.215301227
0.005253351	179.7814194	0.205778811
0.005259643	179.7802688	0.20417028
0.005318974	179.7686248	0.189444652
0.005416471	179.7463729	0.166984667
0.005463121	179.7342682	0.157021408
0.005466789	179.7332823	0.156259046
0.005474189	179.7312731	0.15475887
0.005500274	179.7234528	0.149347612
0.005518724	179.7176098	0.145621916
0.00552588	179.7152815	0.144196546
0.005536943	179.7118555	0.142034927
0.005539125	179.7111664	0.14161104
0.005649779	179.6707408	0.121328018
0.005711495	179.6441932	0.111086993
0.005743548	179.6292755	0.106071151
0.005766617	179.6180605	0.102589209
0.005817413	179.5919556	0.095300397
0.00586552	179.5654436	0.088876858
0.005894439	179.5486684	0.085239818
0.005898508	179.5462577	0.084741626
0.005935536	179.5237473	0.080361157
0.005942769	179.5192299	0.07953776
0.005985048	179.4920363	0.074935534
0.006041936	179.4536603	0.069195432
0.006082731	179.4226755	0.065281201
0.006095794	179.4121426	0.064063549
0.006128429	179.3845314	0.061097116
0.006132629	179.3808437	0.06072322
0.006195805	179.3216693	0.055314628
0.006265066	179.2488213	0.049850398
0.00629062	179.2198375	0.047957254
0.006335116	179.1666595	0.044818916
0.006406561	179.074072	0.040199974
0.006535626	178.8843172	0.033168685
0.006581701	178.8109459	0.031148185
0.00658249	178.8096354	0.031113827
0.006598751	178.7824289	0.030421895
0.006625154	178.7343607	0.029212062
0.006636298	178.7138975	0.02873548
0.006676101	178.6426052	0.027283829
0.006726962	178.5436507	0.025472541
0.006779241	178.4338104	0.023699332
0.006836558	178.304866	0.021903631
0.006854017	178.2638201	0.021387514
0.006860914	178.2473776	0.021187597
0.007007445	177.8675646	0.017471427
0.007045762	177.7586435	0.016667036
0.00705823	177.7223438	0.01642026
0.007108368	177.5721149	0.015502062
0.00711661	177.5467659	0.015362486
0.007127848	177.5119077	0.015177358
0.007254966	177.0937567	0.013498826
0.007307149	176.9078623	0.012878904
0.007366139	176.6875875	0.012236129
0.007491793	176.1829992	0.011208489
0.00750697	176.1193148	0.011100606
0.007542171	175.9693334	0.010863856
0.007595201	175.737396	0.010542747
0.007629299	175.5844518	0.010358843
0.00765694	175.4578756	0.010229091
0.007665298	175.419179	0.010192588
0.007686946	175.318057	0.010103957
0.007779566	174.8706924	0.009820978
0.007802338	174.7570488	0.009775296
0.007849399	174.5176207	0.009710768
0.007884681	174.3372837	0.009655749
0.007943558	174.0311646	0.009585568
0.008016189	173.6446262	0.009536268
0.008041259	173.5090581	0.009529255
0.008042606	173.5017425	0.009529004
0.008079055	173.3025826	0.009527079
0.008083293	173.2792767	0.009527464
0.008149033	172.9137156	0.009554676
0.008183015	172.7215873	0.009582802
0.008205456	172.5935207	0.009606631
0.008273295	172.2006553	0.009704076
0.008296027	172.0670806	0.009745272
0.008311002	171.9785638	0.009774752
0.008330088	171.863978	0.009817777
0.008368182	171.6349492	0.009905152
0.008476906	170.978788	0.010165562
0.008576458	170.3747605	0.010418335
0.008679902	169.7438579	0.010695501
0.008737972	169.3882352	0.010857574
0.00881146	168.9366887	0.011069361
0.008841914	168.7490688	0.011159316
0.008997831	167.7840082	0.01163994
0.009032023	167.5714059	0.011749168
0.009091221	167.2054892	0.011935256
0.009093903	167.1888278	0.011943953
0.009095337	167.1799702	0.011948423
0.009167881	166.731348	0.012176671
0.009341704	165.6669189	0.012708341
0.009411889	165.2402869	0.012917495
0.009438283	165.0803109	0.01299533
0.009452326	164.9953023	0.013036559
0.009584006	164.2016931	0.013416983
0.009652217	163.7931069	0.013609653
0.009758666	163.158893	0.013904339
0.009778005	163.0441189	0.013957093
0.009826308	162.7580528	0.014087802
0.009980642	161.8597494	0.014471054
0.010022387	161.6200497	0.014568591
0.010075986	161.3143355	0.014689999
0.010114044	161.0986548	0.014773596
0.010151455	160.8877808	0.014853654
0.010168531	160.7917338	0.014889971
0.010187998	160.6825166	0.014930812
0.010238729	160.3992945	0.015034435
0.010476187	159.1005569	0.015465448
0.010676787	158.0379807	0.015760209
0.010728977	157.7667198	0.015826485
0.010770407	157.5529115	0.015876036
0.010782507	157.4907541	0.015888821
0.010799617	157.403137	0.015908662
0.010851036	157.141259	0.015964932
0.010866169	157.0645674	0.015980838
0.011058144	156.106797	0.016156787
0.011167753	155.5725174	0.016235765
0.011214526	155.3473036	0.016264715
0.011225094	155.2966527	0.016270861
0.011327102	154.8120689	0.016322735
0.011457961	154.2020114	0.016369479
0.011476194	154.1180419	0.016374226
0.011492048	154.0450715	0.016378199
0.011697705	153.1160905	0.01640298
0.011785509	152.7278045	0.016402824
0.012021151	151.7141187	0.016366193
0.012079404	151.4698999	0.016349003
0.012304629	150.5539877	0.016227176
0.012340798	150.4095731	0.016204464
0.012556633	149.5631694	0.016050815
0.012746175	148.8415903	0.015890296
0.01287323	148.3692716	0.015769302
0.012948895	148.0923244	0.015692137
0.013105818	147.5282796	0.01551995
0.013184172	147.248886	0.015433997
0.013389935	146.530532	0.01519681
0.013434081	146.3793086	0.015143758
0.013563772	145.9409711	0.014983482
0.013956752	144.6667128	0.014457542
0.014034584	144.4215307	0.014350327
0.014175782	143.9834192	0.014152409
0.014179776	143.9711533	0.014146747
0.014182299	143.9634061	0.014143168
0.014191312	143.9361688	0.01412937
0.014940428	141.7594713	0.012977747
0.014991541	141.61723	0.012898829
0.015233959	140.9535362	0.012523946
0.015409851	140.4832718	0.012251329
0.015800783	139.4720887	0.01164357
0.015848551	139.3517487	0.011569134
0.016039221	138.874111	0.011275108
0.016193274	138.4949757	0.011038442
0.016228397	138.4093813	0.010984594
0.016385505	138.0333535	0.010741859
0.016788996	137.087658	0.010134197
0.016856659	136.932186	0.01003436
0.017009076	136.5851139	0.00981166
0.017206473	136.1420742	0.009527751
0.017240689	136.0660206	0.009479057
0.017297772	135.9396281	0.009398162
0.017536148	135.4184061	0.009064949
0.017758259	134.9423141	0.008761154
0.017816893	134.8181726	0.008682033
0.017941518	134.5564505	0.008515355
0.018092156	134.2420992	0.008316144
0.018167778	134.0855004	0.008217853
0.018337886	133.736118	0.007999775
0.018449247	133.5095569	0.007859277
0.018615281	133.1749417	0.007653135
0.018760584	132.8852249	0.007476003
0.018845417	132.7185389	0.007373587
0.018963463	132.4877208	0.007233002
0.019055845	132.3079973	0.007124546
0.019149136	132.1273213	0.007016419
0.019644331	131.1819974	0.006465944
0.019743991	130.9945363	0.006359932
0.019888017	130.7252756	0.006209556
0.01999664	130.5234917	0.006098353
0.020334957	129.9021726	0.005758651
0.020438973	129.7133741	0.005656968
0.020639926	129.3515883	0.005464193
0.020900142	128.8874773	0.005225741
0.020967804	128.7675835	0.005165401
0.021360085	128.0788594	0.004829084
0.021378033	128.0475984	0.004814239
0.02162767	127.6146192	0.004610807
0.021683245	127.5192359	0.004566281
0.021688095	127.5109184	0.004562412
0.022357219	126.3748322	0.00405518
0.022542977	126.0634256	0.003923695
0.023104049	125.1333557	0.003551171
0.023134349	125.0835784	0.003532106
0.023152793	125.0533006	0.003520553
0.023458284	124.5542914	0.003335025
0.02347307	124.5302577	0.003326323
0.023575563	124.3639649	0.003266713
0.02371186	124.1430859	0.003187774
0.024151503	123.4361616	0.002947608
0.024171586	123.4040125	0.002936967
0.024460394	122.9430998	0.002787142
0.024494289	122.8891778	0.002769949
0.024571949	122.7657666	0.002730868
0.024610239	122.7049891	0.002711758
0.02471043	122.5462541	0.002662818
0.025037723	122.0305177	0.002507192
0.025120347	121.9006956	0.002469184
0.025512284	121.2875153	0.002296658
0.025541546	121.2419109	0.002284292
0.025677316	121.0306337	0.002227852
0.0257305	120.9480156	0.002206162
0.025778345	120.873759	0.002186853
0.025995941	120.5368704	0.002101446
0.026513654	119.7407514	0.001914142
0.026660918	119.5152275	0.001863311
0.026844666	119.2343584	0.001801374
0.027042997	118.9318595	0.001736377
0.027446821	118.318419	0.001610533
0.027451975	118.3106127	0.001608986
0.027452939	118.309154	0.001608697
0.027454917	118.3061597	0.00160812
0.027816393	117.7600193	0.001505286
0.028062191	117.3896246	0.00143826
0.028080736	117.3617035	0.001433259
0.028095422	117.3395962	0.00142931
0.028619921	116.5522848	0.00129535
0.028623295	116.5472342	0.001294532
0.028709288	116.4185703	0.001273894
0.028967358	116.0331356	0.001214173
0.028971142	116.0274912	0.001213322
0.029206717	115.6766075	0.001161843
0.029398376	115.3918098	0.001122147
0.029513032	115.2215395	0.001098636
0.029621018	115.0612852	0.001076866
0.029642542	115.0293561	0.00107257
0.03005917	114.4121562	0.000992239
0.03032808	114.0146367	0.000943245
0.030406954	113.8981655	0.0009293
0.030458531	113.8220355	0.000920286
0.030575288	113.649761	0.00090016
0.030852294	113.2415817	0.000854301
0.031052655	112.9468464	0.000822695
0.031236283	112.6770408	0.000794723
0.031309994	112.5688209	0.000783763
0.03151883	112.2624798	0.000753543
0.032050821	111.4835781	0.000682103
0.032252261	111.1890162	0.000656302
0.032291689	111.1313973	0.000651384
0.03233908	111.0621576	0.000645522
0.032757143	110.4520155	0.000596111
0.032824575	110.3537149	0.000588529
0.032881631	110.2705637	0.000582198
0.033333031	109.6135053	0.000534823
0.033339121	109.6046507	0.000534217
0.033340016	109.6033502	0.000534128
0.033346227	109.5943196	0.000533511
0.033471573	109.4121247	0.00052125
0.033620324	109.1959993	0.000507006
0.033671939	109.1210268	0.000502142
0.033745697	109.0139096	0.000495259
0.034494948	107.927058	0.000429972
0.034514414	107.8988521	0.000428388
0.034552319	107.8439315	0.00042532
0.034844985	107.4200896	0.000402359
0.034905537	107.3324403	0.000397768
0.035116782	107.026784	0.000382186
0.035322172	106.7297473	0.000367503
0.035396983	106.6215971	0.000362299
0.035408449	106.6050252	0.000361519
0.035493826	106.4816437	0.000355753
0.035639178	106.2716409	0.000346116
0.03587918	105.9250295	0.000330689
0.036062585	105.6602782	0.000319313
0.036172139	105.5021877	0.000312707
0.03643969	105.1162731	0.000297168
0.036815508	104.574538	0.000276591
0.036816127	104.5736462	0.000276558
0.037119239	104.1370018	0.000260994
0.037168909	104.0654733	0.000258525
0.037196321	104.0260012	0.000257172
0.037487646	103.6066228	0.000243232
0.037711348	103.2847439	0.000233067
0.037831954	103.1112603	0.00022778
0.038117634	102.7004837	0.000215799
0.038213039	102.5633488	0.000211968
0.038225284	102.5457497	0.000211482
0.038513967	102.1309059	0.000200228
0.038559368	102.0656783	0.000198505
0.038675646	101.8986382	0.000194152
0.038890613	101.5898973	0.000186334
0.03914822	101.2200357	0.000177358
0.039207955	101.1342891	0.000175338
0.039319442	100.9742733	0.00017163
0.039424223	100.8239063	0.000168217
0.039629883	100.5288332	0.000161727
0.039649966	100.5000232	0.000161107
0.03968409	100.4510736	0.000160066
0.040132217	99.80844656	0.00014699
0.040232804	99.66424911	0.00014421
0.040328371	99.5272657	0.00014162
0.04069636	98.99990034	0.000131929
0.040756025	98.9144126	0.000130418
0.040805438	98.84362018	0.00012918
0.040850698	98.77878552	0.000128087
0.04089848	98.71034332	0.000126942
0.041192137	98.28978038	0.000120091
0.041234385	98.22928499	0.000119132
0.041430299	97.94878921	0.000114771
0.041546699	97.78216085	0.000112247
0.041867061	97.32366287	0.000105562
0.041877896	97.30815952	0.000105343
0.042008433	97.12138115	0.000102733
0.04205516	97.05452912	0.000101815
0.042308361	96.69232631	9.69784E-05
0.042397109	96.5653947	9.53396E-05
0.042556117	96.33801089	9.25239E-05
0.042570862	96.31692626	9.22673E-05
0.042582974	96.2996061	9.20465E-05
0.042698319	96.13466926	8.99781E-05
0.042797989	95.99216874	8.82554E-05
0.042905167	95.83896027	8.64822E-05
0.042912858	95.8279673	8.6356E-05
0.043511088	94.97307389	7.70141E-05
0.043587287	94.86421799	7.58929E-05
0.044008726	94.26230255	6.99724E-05
0.044081583	94.15826997	6.8997E-05
0.044365686	93.75266906	6.53294E-05
0.044397797	93.70683219	6.49284E-05
0.044988133	92.86441389	5.80486E-05
0.045094168	92.71315088	5.69132E-05
0.045112278	92.68731789	5.67223E-05
0.045118727	92.67811865	5.66546E-05
0.04521202	92.54504863	5.56871E-05
0.04522047	92.53299727	5.55956E-05
0.045253299	92.48617314	5.52513E-05
0.045259215	92.47773556	5.51894E-05
0.045842711	91.64580002	4.93736E-05
0.045861678	91.61876658	4.9194E-05
0.045884379	91.5864111	4.89798E-05
0.046237484	91.08324933	4.5758E-05
0.04626782	91.04003054	4.54908E-05
0.046453386	90.77569661	4.38805E-05
0.046523348	90.67604953	4.32902E-05
0.046728549	90.38382223	4.16069E-05
0.04674005	90.36744499	4.15147E-05
0.047021736	89.9663969	3.93264E-05
0.047165666	89.76151954	3.82606E-05
0.047243973	89.650074	3.77041E-05
0.047490627	89.29911582	3.5993E-05
0.04749703	89.2900062	3.59494E-05
0.0475001	89.28563851	3.59285E-05
0.047716255	88.97817589	3.44829E-05
0.04781298	88.84062237	3.38517E-05
0.048021611	88.54398542	3.25233E-05
0.048217375	88.26572052	3.13164E-05
0.048260802	88.20400172	3.10549E-05
0.048409144	87.99320731	3.01787E-05
0.04851957	87.83631976	2.95437E-05
0.048609636	87.70837674	2.90365E-05
0.04871784	87.55468762	2.84401E-05
0.048858852	87.35442923	2.7686E-05
0.049027359	87.11517336	2.68176E-05
0.049265246	86.77752129	2.56196E-05
0.049442669	86.52578079	2.476E-05
0.04961585	86.28013509	2.39489E-05
0.04965202	86.22883886	2.37829E-05
0.049822153	85.98760421	2.30186E-05
0.049941737	85.81807604	2.24986E-05
0.050028558	85.695014	2.21291E-05
0.050377747	85.2002344	2.07116E-05
0.050427366	85.12994869	2.05191E-05
0.050694416	84.75187991	1.95042E-05
0.050895981	84.46666015	1.87655E-05
0.051057378	84.23836624	1.8191E-05
0.051088687	84.19408806	1.80813E-05
0.051119926	84.14991336	1.79724E-05
0.051292374	83.9061254	1.73773E-05
0.051681458	83.35621082	1.61287E-05
0.052035487	82.85643688	1.50675E-05
0.052129155	82.72428966	1.47988E-05
0.052370252	82.38430914	1.41301E-05
0.052456129	82.26326597	1.39E-05
0.053023214	81.46468709	1.24861E-05
0.053169353	81.2590974	1.21515E-05
0.053379373	80.96384423	1.16756E-05
0.053809961	80.35911408	1.0757E-05
0.053834546	80.32461147	1.07069E-05
0.054091855	79.96360623	1.01981E-05
0.054212906	79.79385683	9.96928E-06
0.05429474	79.67922808	9.8173E-06
0.054305736	79.66382725	9.79703E-06
0.054537535	79.33932976	9.37678E-06
0.054845974	78.90795572	8.84157E-06
0.054916655	78.80916712	8.72273E-06
0.055011468	78.67666647	8.57052E-06
0.055152336	78.47992835	8.34868E-06
0.055393294	78.14374834	7.981E-06
0.05559198	77.8668721	7.68905E-06
0.055944787	77.37570582	7.19848E-06
0.056195664	77.02711963	6.86905E-06
0.056294363	76.89013533	6.74382E-06
0.056632302	76.42177029	6.33408E-06
0.057350494	75.42979251	5.56038E-06
0.057453931	75.2873129	5.4555E-06
0.057485293	75.24413162	5.42412E-06
0.057500357	75.22339286	5.40912E-06
0.057530884	75.18137196	5.37887E-06
0.057555211	75.14790174	5.35513E-06
0.057630973	75.04369726	5.28187E-06
0.057708052	74.9377341	5.20847E-06
0.058106694	74.39055369	4.8471E-06
0.058382895	74.01263332	4.61452E-06
0.058408911	73.97705846	4.59348E-06
0.05851329	73.8344158	4.51003E-06
0.058555597	73.77663942	4.47668E-06
0.058593967	73.72426122	4.44667E-06
0.058787238	73.46031819	4.30158E-06
0.058899371	73.30746695	4.21952E-06
0.059139603	72.98070971	4.04905E-06
0.059222306	72.86844182	3.99202E-06
0.059360068	72.68168743	3.89895E-06
0.059810432	72.0733653	3.61127E-06
0.059894323	71.96047208	3.56002E-06
0.060043546	71.75995028	3.47125E-06
0.060181447	71.57497642	3.39203E-06
0.060419663	71.25619476	3.26145E-06
0.060529549	71.1094612	3.2042E-06
0.060569525	71.05612778	3.1838E-06
0.061217749	70.1948259	2.8859E-06
0.06149982	69.82162848	2.76905E-06
0.061676127	69.58964453	2.70023E-06
0.061999551	69.16616821	2.5814E-06
0.062137352	68.98655709	2.5337E-06
0.062460675	68.56705583	2.42862E-06
0.062636869	68.3395856	2.37542E-06
0.062777687	68.15831671	2.33523E-06
0.063034394	67.82910954	2.26653E-06
0.063052421	67.80605224	2.2619E-06
0.063631048	67.07013842	2.12927E-06
0.063685755	67.0009819	2.11827E-06
0.064030151	66.56921048	2.05343E-06
0.064036187	66.56168105	2.05237E-06
0.064225625	66.32603789	2.02042E-06
0.064532751	65.94673697	1.97418E-06
0.064533367	65.94597989	1.97407E-06
0.064603701	65.85959504	1.96445E-06
0.064608012	65.85429748	1.9639E-06
0.064904592	65.49165694	1.92838E-06
0.064952764	65.43305272	1.92317E-06
0.065004761	65.36990916	1.9178E-06
0.065181636	65.15600734	1.9009E-06
0.065368033	64.93208118	1.8856E-06
0.065376589	64.92183921	1.88495E-06
0.065414588	64.87639165	1.88217E-06
0.065605201	64.6493727	1.8698E-06
0.065830254	64.38339361	1.85863E-06
0.065877272	64.32809387	1.85677E-06
0.065945296	64.24825703	1.85435E-06
0.066094836	64.0734575	1.85025E-06
0.066337965	63.79133229	1.84708E-06
0.066347296	63.78055604	1.84705E-06
0.066361869	63.76374684	1.84697E-06
0.066482011	63.62562685	1.84702E-06
0.066937857	63.10911394	1.8565E-06
0.067130481	62.89444395	1.86492E-06
0.067353467	62.64860121	1.87797E-06
0.067474267	62.51661216	1.88653E-06
0.06757567	62.40646365	1.8945E-06
0.067770442	62.19625998	1.9119E-06
0.067862207	62.09826331	1.92115E-06
0.067914409	62.04276511	1.92668E-06
0.06800824	61.94346393	1.93705E-06
0.06807147	61.87687759	1.9444E-06
0.068118113	61.82792856	1.94998E-06
0.068147351	61.79731825	1.95355E-06
0.068341813	61.59517568	1.97885E-06
0.068612151	61.31832708	2.01832E-06
0.068629826	61.30039587	2.0211E-06
0.068671437	61.25812498	2.02755E-06
0.068944757	60.9839791	2.07318E-06
0.068978666	60.95039223	2.07925E-06
0.068991621	60.93757442	2.0816E-06
0.06948494	60.46002365	2.18085E-06
0.06971889	60.24072093	2.2342E-06
0.069851311	60.11863496	2.26617E-06
0.069995388	59.98748075	2.30245E-06
0.07027283	59.73985229	2.37663E-06
0.070548003	59.50065629	2.4558E-06
0.070880426	59.22020635	2.55893E-06
0.071001505	59.12046568	2.59667E-06
0.071034034	59.09387552	2.60695E-06
0.071216851	58.94710636	2.66885E-06
0.071344487	58.84649358	2.71265E-06
0.071375554	58.82225765	2.72348E-06
0.071519407	58.7113222	2.77455E-06
0.071553375	58.68543617	2.78682E-06
0.071957357	58.38665028	2.9391E-06
0.07203729	58.32951505	2.9706E-06
0.072754939	57.84349979	3.26775E-06
0.072819636	57.80245911	3.2954E-06
0.072983375	57.70064018	3.36602E-06
0.073056657	57.65602305	3.39793E-06
0.073131114	57.61129371	3.43055E-06
0.073264576	57.53263768	3.48947E-06
0.073490425	57.40375684	3.59073E-06
0.073637049	57.32296878	3.6575E-06
0.074098562	57.08349785	3.8732E-06
0.074192961	57.03728643	3.91833E-06
0.074329589	56.9720691	3.98428E-06
0.074439674	56.92096859	4.03505E-06
0.074995608	56.6823551	4.2902E-06
0.074997319	56.68167115	4.29095E-06
0.075183033	56.60914561	4.37313E-06
0.075267779	56.5771703	4.41018E-06
0.075528711	56.48365759	4.52463E-06
0.075927249	56.35372006	4.69237E-06
0.076031722	56.32226744	4.73573E-06
0.076116935	56.29741404	4.77053E-06
0.07633863	56.23612449	4.8585E-06
0.076770352	56.13074408	5.0196E-06
0.076985722	56.08507688	5.0949E-06
0.077234668	56.03703933	5.17413E-06
0.077587185	55.97822447	5.2735E-06
0.077654552	55.96821324	5.2908E-06
0.077684658	55.96386678	5.29833E-06
0.077701527	55.96146706	5.30253E-06
0.077956024	55.92817948	5.36128E-06
0.078039669	55.91843305	5.37875E-06
0.078204991	55.90090703	5.4106E-06
0.078384796	55.88446556	5.44122E-06
0.078688603	55.86288801	5.4835E-06
0.078911012	55.85203263	5.50683E-06
0.079058378	55.84666891	5.51535E-06
0.079301836	55.84134084	5.52002E-06
0.079421182	55.84033674	5.518E-06
